1.000000 1.000000 1.000000
0.0 0.0 0.0
0.0 1.0 0.0
1.0 0.0 0.0
0.0 1.0 0.0
1.0 0.5 0.0
0.5 0.0 1.0
0.0 0.5 0.5
0.3 0.3 0.5
0.4 0.7 0.0
0.054688 1.000000 0.000000
0.0 0.0 0.0
0.0 0.0 0.0
0.078125 1.000000 0.000000
0.085938 1.000000 0.000000
0.093750 1.000000 0.000000
0.101562 1.000000 0.000000
0.109375 1.000000 0.000000
0.117188 1.000000 0.000000
0.125000 1.000000 0.000000
0.132812 1.000000 0.000000
0.140625 1.000000 0.000000
0.148438 1.000000 0.000000
0.156250 1.000000 0.000000
0.164062 1.000000 0.000000
0.171875 1.000000 0.000000
0.0 0.0 0.0
0.0 0.0 0.0
0.195312 1.000000 0.000000
0.203125 1.000000 0.000000
0.210938 1.000000 0.000000
0.218750 1.000000 0.000000
0.226562 1.000000 0.000000
0.234375 1.000000 0.000000
0.242188 1.000000 0.000000
0.250000 1.000000 0.000000
0.257812 1.000000 0.000000
0.265625 1.000000 0.000000
0.273438 1.000000 0.000000
0.281250 1.000000 0.000000
0.289062 1.000000 0.000000
0.0 0.0 0.0
0.0 0.0 0.0
0.312500 1.000000 0.000000
0.320312 1.000000 0.000000
0.328125 1.000000 0.000000
0.335938 1.000000 0.000000
0.343750 1.000000 0.000000
0.351562 1.000000 0.000000
0.359375 1.000000 0.000000
0.367188 1.000000 0.000000
0.375000 1.000000 0.000000
0.382812 1.000000 0.000000
0.390625 1.000000 0.000000
0.398438 1.000000 0.000000
0.406250 1.000000 0.000000
0.0 0.0 0.0
0.0 0.0 0.0
0.429688 1.000000 0.000000
0.437500 1.000000 0.000000
0.445312 1.000000 0.000000
0.453125 1.000000 0.000000
0.460938 1.000000 0.000000
0.468750 1.000000 0.000000
0.476562 1.000000 0.000000
0.484375 1.000000 0.000000
0.492188 1.000000 0.000000
0.500000 1.000000 0.000000
0.507812 1.000000 0.000000
0.515625 1.000000 0.000000
0.523438 1.000000 0.000000
0.0 0.0 0.0
0.0 0.0 0.0
0.546875 1.000000 0.000000
0.554688 1.000000 0.000000
0.562500 1.000000 0.000000
0.570312 1.000000 0.000000
0.578125 1.000000 0.000000
0.585938 1.000000 0.000000
0.593750 1.000000 0.000000
0.601562 1.000000 0.000000
0.609375 1.000000 0.000000
0.617188 1.000000 0.000000
0.625000 1.000000 0.000000
0.632812 1.000000 0.000000
1.0 1.0 0.200000
1.0 1.0 0.200000
1.0 1.0 0.200000
0.664062 1.000000 0.000000
0.671875 1.000000 0.000000
0.679688 1.000000 0.000000
0.687500 1.000000 0.000000
0.695312 1.000000 0.000000
0.703125 1.000000 0.000000
0.710938 1.000000 0.000000
0.718750 1.000000 0.000000
0.726562 1.000000 0.000000
0.734375 1.000000 0.000000
0.742188 1.000000 0.000000
0.750000 1.000000 0.000000
0.757812 1.000000 0.000000
0.0 0.0 0.0
0.0 0.0 0.0
0.781250 1.000000 0.000000
0.789062 1.000000 0.000000
0.796875 1.000000 0.000000
0.804688 1.000000 0.000000
0.812500 1.000000 0.000000
0.820312 1.000000 0.000000
0.828125 1.000000 0.000000
0.835938 1.000000 0.000000
0.843750 1.000000 0.000000
0.851562 1.000000 0.000000
1 0 0
1 0 0
1 0 0
0.0 0.0 0.0
0.0 0.0 0.0
1 0 0
1 0 0
1 0 0
1 0 0
1 0 0
1 0 0
1 0 0
1 0 0
1 0 0
1 0 0
0.000000 0.000000 0.000000
0.000000 0.000000 0.000000
1 0 0


