0 0.011200
1000 0.009600
2000 0.011200
3000 0.034400
4000 0.030400
5000 0.040800
6000 0.032800
7000 0.021600
8000 0.025600
9000 0.023200
10000 0.017600
11000 0.019200
12000 0.009600
13000 -0.021600
14000 -0.024800
15000 -0.036800
16000 -0.034400
17000 -0.020800
18000 -0.044800
19000 -0.014400
20000 -0.004000
21000 0.004000
22000 0.033600
23000 0.040800
24000 0.051200
25000 0.052000
26000 0.100000
27000 0.109600
28000 0.096800
29000 0.097600
30000 0.103200
31000 0.073600
32000 0.115200
33000 0.110400
34000 0.088000
35000 0.096800
36000 0.096800
37000 0.117600
38000 0.151200
39000 0.167200
40000 0.171200
41000 0.188800
42000 0.188800
43000 0.196800
44000 0.204000
45000 0.212800
46000 0.224800
47000 0.228000
48000 0.248800
49000 0.243200
50000 0.252000
51000 0.261600
52000 0.276000
53000 0.285600
54000 0.284000
55000 0.270400
56000 0.256000
57000 0.253600
58000 0.242400
59000 0.252000
60000 0.248000
61000 0.253600
62000 0.273600
63000 0.283200
64000 0.280800
65000 0.302400
66000 0.295200
67000 0.300800
68000 0.312000
69000 0.300800
70000 0.309600
71000 0.323200
72000 0.312000
73000 0.300000
74000 0.300000
75000 0.280000
76000 0.248000
77000 0.245600
78000 0.264800
79000 0.241600
80000 0.208800
81000 0.212000
82000 0.211200
83000 0.203200
84000 0.200800
85000 0.227200
86000 0.226400
87000 0.222400
88000 0.217600
89000 0.216000
90000 0.210400
91000 0.200000
92000 0.186400
93000 0.163200
94000 0.152800
95000 0.142400
96000 0.119200
97000 0.108800
98000 0.082400
99000 0.063200
100000 0.064000
101000 0.060800
102000 0.088000
103000 0.107200
104000 0.107200
105000 0.102400
106000 0.121600
107000 0.132800
108000 0.153600
109000 0.176800
110000 0.169600
111000 0.149600
112000 0.170400
113000 0.155200
114000 0.165600
115000 0.172800
116000 0.163200
117000 0.180000
118000 0.184000
119000 0.182400
120000 0.176800
121000 0.196800
122000 0.196800
123000 0.181600
124000 0.182400
125000 0.176000
126000 0.172000
127000 0.187200
128000 0.184000
129000 0.208800
130000 0.207200
131000 0.186400
132000 0.173600
133000 0.162400
134000 0.164000
135000 0.141600
136000 0.147200
137000 0.168000
138000 0.180800
139000 0.175200
140000 0.172000
141000 0.173600
142000 0.171200
143000 0.188000
144000 0.154400
145000 0.137600
146000 0.112800
147000 0.110400
148000 0.108800
149000 0.100800
150000 0.080800
151000 0.101600
152000 0.103200
153000 0.096800
154000 0.100800
155000 0.127200
156000 0.119200
157000 0.113600
158000 0.143200
159000 0.132800
160000 0.099200
161000 0.072000
162000 0.065600
163000 0.040800
164000 0.031200
165000 0.032000
166000 0.036000
167000 0.008800
168000 0.010400
169000 0.016800
170000 0.039200
171000 0.032800
172000 0.045600
173000 0.042400
174000 0.056000
175000 0.078400
176000 0.095200
177000 0.138400
178000 0.176000
179000 0.200000
180000 0.200000
181000 0.233600
182000 0.252800
183000 0.251200
184000 0.261600
185000 0.252000
186000 0.258400
187000 0.224800
188000 0.228800
189000 0.239200
190000 0.221600
191000 0.193600
192000 0.164800
193000 0.175200
194000 0.160800
195000 0.141600
196000 0.148800
197000 0.143200
198000 0.132800
199000 0.143200
200000 0.136800
201000 0.122400
202000 0.115200
203000 0.109600
204000 0.113600
205000 0.108800
206000 0.100000
207000 0.100000
208000 0.092000
209000 0.085600
210000 0.078400
211000 0.048000
212000 0.060000
213000 0.070400
214000 0.084000
215000 0.097600
216000 0.119200
217000 0.132000
218000 0.148000
219000 0.123200
220000 0.127200
221000 0.133600
222000 0.128000
223000 0.127200
224000 0.140000
225000 0.143200
226000 0.142400
227000 0.135200
228000 0.132800
229000 0.139200
230000 0.149600
231000 0.148800
232000 0.144800
233000 0.149600
234000 0.170400
235000 0.154400
236000 0.178400
237000 0.180800
238000 0.155200
239000 0.156800
240000 0.144000
241000 0.148800
242000 0.137600
243000 0.173600
244000 0.180800
245000 0.183200
246000 0.177600
247000 0.188800
248000 0.196800
249000 0.168000
250000 0.136000
251000 0.127200
252000 0.135200
253000 0.107200
254000 0.089600
255000 0.113600
256000 0.125600
257000 0.104800
258000 0.115200
259000 0.109600
260000 0.096800
261000 0.108800
262000 0.119200
263000 0.126400
264000 0.106400
265000 0.115200
266000 0.149600
267000 0.128800
268000 0.118400
269000 0.137600
270000 0.140800
271000 0.152000
272000 0.146400
273000 0.148800
274000 0.145600
275000 0.128800
276000 0.117600
277000 0.113600
278000 0.090400
279000 0.074400
280000 0.093600
281000 0.088000
282000 0.098400
283000 0.082400
284000 0.081600
285000 0.077600
286000 0.071200
287000 0.078400
288000 0.072000
289000 0.067200
290000 0.068800
291000 0.056000
292000 0.052000
293000 0.073600
294000 0.104800
295000 0.116000
296000 0.112000
297000 0.123200
298000 0.131200
299000 0.121600
300000 0.101600
301000 0.084000
302000 0.084800
303000 0.066400
304000 0.080800
305000 0.092800
306000 0.096000
307000 0.072800
308000 0.053600
309000 0.064000
310000 0.084800
311000 0.095200
312000 0.096000
313000 0.098400
314000 0.092800
315000 0.075200
316000 0.096000
317000 0.103200
318000 0.105600
319000 0.112000
320000 0.127200
321000 0.138400
322000 0.148800
323000 0.148800
324000 0.137600
325000 0.126400
326000 0.115200
327000 0.109600
328000 0.097600
329000 0.100000
330000 0.087200
331000 0.084000
332000 0.086400
333000 0.076800
334000 0.092000
335000 0.112000
336000 0.116000
337000 0.130400
338000 0.142400
339000 0.151200
340000 0.155200
341000 0.122400
342000 0.136000
343000 0.157600
344000 0.136000
345000 0.150400
346000 0.107200
347000 0.091200
348000 0.078400
349000 0.092000
350000 0.080000
351000 0.066400
352000 0.072800
353000 0.065600
354000 0.077600
355000 0.053600
356000 0.063200
357000 0.071200
358000 0.088000
359000 0.108000
360000 0.098400
361000 0.111200
362000 0.123200
363000 0.123200
364000 0.111200
365000 0.124800
366000 0.142400
367000 0.130400
368000 0.137600
369000 0.136000
370000 0.132800
371000 0.152000
372000 0.157600
373000 0.160800
374000 0.164000
375000 0.188800
376000 0.210400
377000 0.193600
378000 0.180800
379000 0.173600
380000 0.176000
381000 0.172000
382000 0.169600
383000 0.154400
384000 0.151200
385000 0.136800
386000 0.113600
387000 0.096000
388000 0.095200
389000 0.072800
390000 0.076000
391000 0.088000
392000 0.100800
393000 0.079200
394000 0.096000
395000 0.089600
396000 0.096000
397000 0.094400
398000 0.095200
399000 0.088800
400000 0.111200
401000 0.113600
402000 0.138400
403000 0.155200
404000 0.143200
405000 0.144000
406000 0.130400
407000 0.129600
408000 0.113600
409000 0.112800
410000 0.111200
411000 0.128000
412000 0.119200
413000 0.118400
414000 0.124000
415000 0.116000
416000 0.122400
417000 0.120000
418000 0.105600
419000 0.126400
420000 0.118400
421000 0.092800
422000 0.095200
423000 0.088000
424000 0.087200
425000 0.060800
426000 0.055200
427000 0.056800
428000 0.071200
429000 0.048800
430000 0.042400
431000 0.033600
432000 0.024800
433000 0.018400
434000 -0.004000
435000 0.006400
436000 0.001600
437000 -0.017600
438000 -0.008000
439000 0.004000
440000 0.019200
441000 0.023200
442000 0.037600
443000 0.052000
444000 0.047200
445000 0.032000
446000 0.051200
447000 0.057600
448000 0.077600
449000 0.099200
450000 0.132000
451000 0.117600
452000 0.108000
453000 0.108800
454000 0.104000
455000 0.112000
456000 0.112800
457000 0.109600
458000 0.128800
459000 0.134400
460000 0.132800
461000 0.135200
462000 0.150400
463000 0.177600
464000 0.188800
465000 0.194400
466000 0.191200
467000 0.202400
468000 0.180000
469000 0.159200
470000 0.125600
471000 0.148000
472000 0.130400
473000 0.105600
474000 0.105600
475000 0.120800
476000 0.124800
477000 0.116800
478000 0.090400
479000 0.112800
480000 0.100000
481000 0.109600
482000 0.101600
483000 0.109600
484000 0.104800
485000 0.110400
486000 0.104800
487000 0.114400
488000 0.119200
489000 0.127200
490000 0.146400
491000 0.152000
492000 0.140800
493000 0.147200
494000 0.152800
495000 0.144000
496000 0.135200
497000 0.145600
498000 0.148800
499000 0.169600
500000 0.166400
501000 0.179200
502000 0.168800
503000 0.155200
504000 0.144000
505000 0.136800
506000 0.135200
507000 0.140000
508000 0.132800
509000 0.139200
510000 0.144800
511000 0.132000
512000 0.157600
513000 0.158400
514000 0.157600
515000 0.150400
516000 0.144800
517000 0.122400
518000 0.121600
519000 0.121600
520000 0.125600
521000 0.124800
522000 0.124000
523000 0.116800
524000 0.117600
525000 0.112800
526000 0.102400
527000 0.104800
528000 0.091200
529000 0.100000
530000 0.096000
531000 0.084800
532000 0.082400
533000 0.102400
534000 0.105600
535000 0.107200
536000 0.112800
537000 0.097600
538000 0.100000
539000 0.112000
540000 0.124000
541000 0.111200
542000 0.112000
543000 0.104800
544000 0.118400
545000 0.128000
546000 0.132000
547000 0.128800
548000 0.116000
549000 0.135200
550000 0.135200
551000 0.152000
552000 0.149600
553000 0.152000
554000 0.152800
555000 0.185600
556000 0.189600
557000 0.195200
558000 0.186400
559000 0.194400
560000 0.188000
561000 0.180800
562000 0.183200
563000 0.172000
564000 0.173600
565000 0.153600
566000 0.148000
567000 0.138400
568000 0.144000
569000 0.168800
570000 0.184000
571000 0.208800
572000 0.198400
573000 0.204800
574000 0.200000
575000 0.214400
576000 0.201600
577000 0.189600
578000 0.203200
579000 0.220800
580000 0.223200
581000 0.197600
582000 0.204800
583000 0.192000
584000 0.207200
585000 0.228800
586000 0.261600
587000 0.261600
588000 0.256800
589000 0.256000
590000 0.272800
591000 0.281600
592000 0.261600
593000 0.274400
594000 0.256000
595000 0.258400
596000 0.275200
597000 0.263200
598000 0.256000
599000 0.256800
600000 0.256800
601000 0.266400
602000 0.262400
603000 0.268000
604000 0.263200
605000 0.268800
606000 0.277600
607000 0.262400
608000 0.252800
609000 0.258400
610000 0.236800
611000 0.206400
612000 0.236000
613000 0.244000
614000 0.229600
615000 0.233600
616000 0.217600
617000 0.224000
618000 0.227200
619000 0.243200
620000 0.233600
621000 0.224800
622000 0.236000
623000 0.234400
624000 0.228800
625000 0.226400
626000 0.248800
627000 0.238400
628000 0.245600
629000 0.233600
630000 0.201600
631000 0.183200
632000 0.204000
633000 0.199200
634000 0.183200
635000 0.196000
636000 0.191200
637000 0.179200
638000 0.180800
639000 0.185600
640000 0.205600
641000 0.204800
642000 0.201600
643000 0.178400
644000 0.168000
645000 0.166400
646000 0.183200
647000 0.153600
648000 0.152800
649000 0.168800
650000 0.152800
651000 0.136000
652000 0.152000
653000 0.168000
654000 0.176800
655000 0.162400
656000 0.173600
657000 0.196800
658000 0.179200
659000 0.175200
660000 0.158400
661000 0.162400
662000 0.168000
663000 0.182400
664000 0.164800
665000 0.181600
666000 0.213600
667000 0.232800
668000 0.222400
669000 0.226400
670000 0.213600
671000 0.201600
672000 0.183200
673000 0.188800
674000 0.162400
675000 0.152800
676000 0.140800
677000 0.144000
678000 0.136000
679000 0.133600
680000 0.124800
681000 0.106400
682000 0.087200
683000 0.086400
684000 0.087200
685000 0.075200
686000 0.075200
687000 0.060000
688000 0.057600
689000 0.044800
690000 0.041600
691000 0.047200
692000 0.064000
693000 0.059200
694000 0.076800
695000 0.097600
696000 0.073600
697000 0.065600
698000 0.065600
699000 0.034400
700000 0.064800
701000 0.065600
702000 0.087200
703000 0.075200
704000 0.087200
705000 0.100000
706000 0.084800
707000 0.075200
708000 0.074400
709000 0.073600
710000 0.076000
711000 0.080800
712000 0.088000
713000 0.070400
714000 0.048000
715000 0.018400
716000 0.018400
717000 0.033600
718000 0.044000
719000 0.057600
720000 0.052800
721000 0.044800
722000 0.036800
723000 0.050400
724000 0.045600
725000 0.025600
726000 0.028800
727000 0.019200
728000 0.045600
729000 0.039200
730000 0.027200
731000 0.012800
732000 0.017600
733000 -0.005600
734000 -0.030400
735000 -0.045600
736000 -0.039200
737000 -0.034400
738000 -0.024000
739000 -0.011200
740000 0.004800
741000 0.017600
742000 0.007200
743000 -0.010400
744000 -0.000800
745000 0.008000
746000 0.001600
747000 0.019200
748000 0.030400
749000 0.023200
750000 0.023200
751000 0.043200
752000 0.075200
753000 0.112000
754000 0.115200
755000 0.116800
756000 0.112800
757000 0.123200
758000 0.100000
759000 0.129600
760000 0.120800
761000 0.140000
762000 0.148800
763000 0.160800
764000 0.172800
765000 0.168000
766000 0.168800
767000 0.176800
768000 0.189600
769000 0.148800
770000 0.150400
771000 0.120800
772000 0.151200
773000 0.145600
774000 0.124800
775000 0.105600
776000 0.099200
777000 0.082400
778000 0.074400
779000 0.080800
780000 0.091200
781000 0.084000
782000 0.095200
783000 0.118400
784000 0.136000
785000 0.126400
786000 0.107200
787000 0.112800
788000 0.125600
789000 0.116800
790000 0.122400
791000 0.116800
792000 0.100800
793000 0.101600
794000 0.116000
795000 0.116800
796000 0.120000
797000 0.106400
798000 0.100000
799000 0.093600
800000 0.096000
801000 0.099200
802000 0.080000
803000 0.091200
804000 0.067200
805000 0.060800
806000 0.051200
807000 0.061600
808000 0.055200
809000 0.055200
810000 0.045600
811000 0.053600
812000 0.055200
813000 0.053600
814000 0.058400
815000 0.075200
816000 0.099200
817000 0.104800
818000 0.100800
819000 0.101600
820000 0.135200
821000 0.126400
822000 0.126400
823000 0.103200
824000 0.095200
825000 0.096000
826000 0.076000
827000 0.065600
828000 0.066400
829000 0.052000
830000 0.060000
831000 0.084800
832000 0.070400
833000 0.052000
834000 0.030400
835000 0.034400
836000 0.028800
837000 0.005600
838000 0.020800
839000 0.005600
840000 -0.004000
841000 0.001600
842000 0.024800
843000 0.040800
844000 0.052000
845000 0.064000
846000 0.060800
847000 0.069600
848000 0.062400
849000 0.052000
850000 0.047200
851000 0.055200
852000 0.059200
853000 0.064800
854000 0.048800
855000 0.056000
856000 0.089600
857000 0.088000
858000 0.082400
859000 0.078400
860000 0.066400
861000 0.068800
862000 0.056800
863000 0.069600
864000 0.074400
865000 0.061600
866000 0.056000
867000 0.059200
868000 0.083200
869000 0.074400
870000 0.085600
871000 0.080800
872000 0.088800
873000 0.122400
874000 0.112800
875000 0.105600
876000 0.104800
877000 0.107200
878000 0.106400
879000 0.102400
880000 0.107200
881000 0.101600
882000 0.112000
883000 0.098400
884000 0.097600
885000 0.104800
886000 0.099200
887000 0.104800
888000 0.103200
889000 0.096000
890000 0.124000
891000 0.115200
892000 0.120800
893000 0.127200
894000 0.125600
895000 0.141600
896000 0.149600
897000 0.164000
898000 0.156000
899000 0.167200
900000 0.160800
901000 0.155200
902000 0.134400
903000 0.134400
904000 0.148000
905000 0.150400
906000 0.144800
907000 0.136000
908000 0.143200
909000 0.165600
910000 0.176800
911000 0.170400
912000 0.190400
913000 0.180800
914000 0.172000
915000 0.178400
916000 0.174400
917000 0.177600
918000 0.160000
919000 0.137600
920000 0.165600
921000 0.150400
922000 0.129600
923000 0.113600
924000 0.097600
925000 0.092800
926000 0.102400
927000 0.087200
928000 0.084800
929000 0.096800
930000 0.105600
931000 0.099200
932000 0.088800
933000 0.092800
934000 0.067200
935000 0.083200
936000 0.064000
937000 0.061600
938000 0.049600
939000 0.048000
940000 0.051200
941000 0.018400
942000 0.021600
943000 0.041600
944000 0.004800
945000 -0.008800
946000 -0.032000
947000 -0.046400
948000 -0.056800
949000 -0.063200
950000 -0.061600
951000 -0.052800
952000 -0.052000
953000 -0.048800
954000 -0.023200
955000 -0.034400
956000 -0.030400
957000 -0.026400
958000 -0.029600
959000 -0.013600
960000 -0.028000
961000 -0.023200
962000 -0.043200
963000 -0.043200
964000 -0.038400
965000 -0.006400
966000 0.027200
967000 0.025600
968000 0.016000
969000 0.009600
970000 0.017600
971000 0.009600
972000 0.032000
973000 0.026400
974000 0.047200
975000 0.045600
976000 0.032800
977000 0.068000
978000 0.065600
979000 0.066400
980000 0.061600
981000 0.072800
982000 0.062400
983000 0.053600
984000 0.079200
985000 0.065600
986000 0.054400
987000 0.051200
988000 0.063200
989000 0.070400
990000 0.068800
991000 0.074400
992000 0.074400
993000 0.076000
994000 0.031200
995000 0.036800
996000 0.025600
997000 0.000800
998000 0.000000
999000 -0.016800
1000000 -0.024800
1001000 -0.047200
1002000 -0.082400
1003000 -0.104800
1004000 -0.097600
1005000 -0.106400
1006000 -0.098400
1007000 -0.120000
1008000 -0.128000
1009000 -0.140800
1010000 -0.145600
1011000 -0.124800
1012000 -0.115200
1013000 -0.095200
1014000 -0.089600
1015000 -0.108800
1016000 -0.094400
1017000 -0.100000
1018000 -0.080000
1019000 -0.077600
1020000 -0.067200
1021000 -0.094400
1022000 -0.111200
1023000 -0.124800
1024000 -0.124000
1025000 -0.104800
1026000 -0.068800
1027000 -0.063200
1028000 -0.070400
1029000 -0.089600
1030000 -0.098400
1031000 -0.106400
1032000 -0.076000
1033000 -0.090400
1034000 -0.099200
1035000 -0.101600
1036000 -0.093600
1037000 -0.093600
1038000 -0.084800
1039000 -0.067200
1040000 -0.079200
1041000 -0.079200
1042000 -0.079200
1043000 -0.096000
1044000 -0.088800
1045000 -0.092000
1046000 -0.101600
1047000 -0.093600
1048000 -0.079200
1049000 -0.076000
1050000 -0.067200
1051000 -0.073600
1052000 -0.102400
1053000 -0.088000
1054000 -0.077600
1055000 -0.045600
1056000 -0.042400
1057000 -0.028000
1058000 -0.033600
1059000 -0.022400
1060000 -0.011200
1061000 0.004000
1062000 0.008000
1063000 0.024000
1064000 0.011200
1065000 0.011200
1066000 0.012000
1067000 0.034400
1068000 0.017600
1069000 0.004000
1070000 0.017600
1071000 0.008000
1072000 0.003200
1073000 0.000000
1074000 0.000800
1075000 0.025600
1076000 0.032800
1077000 0.033600
1078000 0.033600
1079000 0.016800
1080000 0.024800
1081000 0.017600
1082000 0.000000
1083000 0.011200
1084000 0.004800
1085000 0.000000
1086000 0.002400
1087000 0.010400
1088000 -0.019200
1089000 -0.012800
1090000 -0.028800
1091000 -0.039200
1092000 -0.024000
1093000 -0.047200
1094000 -0.029600
1095000 -0.012000
1096000 -0.021600
1097000 -0.000800
1098000 0.016800
1099000 0.002400
1100000 -0.004800
1101000 -0.012800
1102000 -0.007200
1103000 -0.029600
1104000 -0.013600
1105000 0.016800
1106000 0.015200
1107000 -0.012800
1108000 -0.017600
1109000 -0.026400
1110000 -0.037600
1111000 -0.054400
1112000 -0.052800
1113000 -0.037600
1114000 -0.009600
1115000 -0.019200
1116000 -0.004800
1117000 -0.022400
1118000 0.001600
1119000 0.020800
1120000 0.011200
1121000 0.021600
1122000 0.042400
1123000 0.037600
1124000 0.024800
1125000 0.020000
1126000 0.001600
1127000 -0.004000
1128000 -0.023200
1129000 -0.042400
1130000 -0.068000
1131000 -0.063200
1132000 -0.090400
1133000 -0.077600
1134000 -0.084800
1135000 -0.082400
1136000 -0.085600
1137000 -0.064000
1138000 -0.052000
1139000 -0.064000
1140000 -0.065600
1141000 -0.066400
1142000 -0.082400
1143000 -0.072000
1144000 -0.076800
1145000 -0.093600
1146000 -0.079200
1147000 -0.076800
1148000 -0.068800
1149000 -0.056800
1150000 -0.030400
1151000 -0.044800
1152000 -0.048800
1153000 -0.070400
1154000 -0.077600
1155000 -0.075200
1156000 -0.088800
1157000 -0.091200
1158000 -0.100800
1159000 -0.105600
1160000 -0.132000
1161000 -0.129600
1162000 -0.132000
1163000 -0.130400
1164000 -0.131200
1165000 -0.133600
1166000 -0.131200
1167000 -0.138400
1168000 -0.152800
1169000 -0.147200
1170000 -0.143200
1171000 -0.129600
1172000 -0.147200
1173000 -0.142400
1174000 -0.165600
1175000 -0.169600
1176000 -0.163200
1177000 -0.160800
1178000 -0.154400
1179000 -0.154400
1180000 -0.168800
1181000 -0.156800
1182000 -0.180800
1183000 -0.170400
1184000 -0.190400
1185000 -0.216800
1186000 -0.236800
1187000 -0.230400
1188000 -0.225600
1189000 -0.237600
1190000 -0.210400
1191000 -0.207200
1192000 -0.208000
1193000 -0.212000
1194000 -0.237600
1195000 -0.229600
1196000 -0.244000
1197000 -0.226400
1198000 -0.228800
1199000 -0.228800
1200000 -0.206400
1201000 -0.212800
1202000 -0.188800
1203000 -0.187200
1204000 -0.178400
1205000 -0.180800
1206000 -0.177600
1207000 -0.193600
1208000 -0.187200
1209000 -0.180800
1210000 -0.164000
1211000 -0.139200
1212000 -0.152000
1213000 -0.168800
1214000 -0.177600
1215000 -0.152800
1216000 -0.136800
1217000 -0.120000
1218000 -0.146400
1219000 -0.154400
1220000 -0.132800
1221000 -0.162400
1222000 -0.152800
1223000 -0.164000
1224000 -0.164800
1225000 -0.190400
1226000 -0.192800
1227000 -0.196000
1228000 -0.200800
1229000 -0.204800
1230000 -0.204000
1231000 -0.212800
1232000 -0.201600
1233000 -0.184000
1234000 -0.178400
1235000 -0.170400
1236000 -0.156800
1237000 -0.148800
1238000 -0.148000
1239000 -0.150400
1240000 -0.144800
1241000 -0.156800
1242000 -0.179200
1243000 -0.149600
1244000 -0.178400
1245000 -0.176800
1246000 -0.152000
1247000 -0.139200
1248000 -0.138400
1249000 -0.131200
1250000 -0.136800
1251000 -0.135200
1252000 -0.140800
1253000 -0.143200
1254000 -0.143200
1255000 -0.159200
1256000 -0.136000
1257000 -0.141600
1258000 -0.139200
1259000 -0.164800
1260000 -0.174400
1261000 -0.183200
1262000 -0.185600
1263000 -0.178400
1264000 -0.174400
1265000 -0.148000
1266000 -0.152000
1267000 -0.135200
1268000 -0.168800
1269000 -0.188800
1270000 -0.207200
1271000 -0.231200
1272000 -0.239200
1273000 -0.251200
1274000 -0.253600
1275000 -0.256000
1276000 -0.245600
1277000 -0.238400
1278000 -0.226400
1279000 -0.255200
1280000 -0.227200
1281000 -0.236000
1282000 -0.233600
1283000 -0.226400
1284000 -0.238400
1285000 -0.239200
1286000 -0.244800
1287000 -0.240000
1288000 -0.254400
1289000 -0.270400
1290000 -0.266400
1291000 -0.256000
1292000 -0.242400
1293000 -0.260800
1294000 -0.246400
1295000 -0.222400
1296000 -0.236800
1297000 -0.228000
1298000 -0.236000
1299000 -0.243200
1300000 -0.252800
1301000 -0.258400
1302000 -0.253600
1303000 -0.252000
1304000 -0.252000
1305000 -0.268000
1306000 -0.238400
1307000 -0.210400
1308000 -0.236000
1309000 -0.244000
1310000 -0.212800
1311000 -0.214400
1312000 -0.232800
1313000 -0.239200
1314000 -0.239200
1315000 -0.223200
1316000 -0.242400
1317000 -0.266400
1318000 -0.269600
1319000 -0.264800
1320000 -0.252800
1321000 -0.253600
1322000 -0.246400
1323000 -0.256000
1324000 -0.240000
1325000 -0.232000
1326000 -0.212000
1327000 -0.216000
1328000 -0.220000
1329000 -0.200800
1330000 -0.192000
1331000 -0.188000
1332000 -0.184000
1333000 -0.198400
1334000 -0.182400
1335000 -0.184000
1336000 -0.158400
1337000 -0.168000
1338000 -0.171200
1339000 -0.176800
1340000 -0.172800
1341000 -0.189600
1342000 -0.161600
1343000 -0.173600
1344000 -0.170400
1345000 -0.176800
1346000 -0.176800
1347000 -0.181600
1348000 -0.177600
1349000 -0.184000
1350000 -0.191200
1351000 -0.177600
1352000 -0.184800
1353000 -0.196000
1354000 -0.207200
1355000 -0.230400
1356000 -0.248800
1357000 -0.247200
1358000 -0.264000
1359000 -0.252800
1360000 -0.233600
1361000 -0.239200
1362000 -0.240000
1363000 -0.214400
1364000 -0.249600
1365000 -0.260000
1366000 -0.275200
1367000 -0.282400
1368000 -0.270400
1369000 -0.262400
1370000 -0.256000
1371000 -0.252000
1372000 -0.251200
1373000 -0.249600
1374000 -0.268000
1375000 -0.267200
1376000 -0.272000
1377000 -0.258400
1378000 -0.256000
1379000 -0.261600
1380000 -0.250400
1381000 -0.260000
1382000 -0.265600
1383000 -0.262400
1384000 -0.283200
1385000 -0.275200
1386000 -0.253600
1387000 -0.253600
1388000 -0.246400
1389000 -0.248000
1390000 -0.248000
1391000 -0.242400
1392000 -0.255200
1393000 -0.244000
1394000 -0.246400
1395000 -0.229600
1396000 -0.218400
1397000 -0.230400
1398000 -0.249600
1399000 -0.264000
1400000 -0.276800
1401000 -0.268000
1402000 -0.254400
1403000 -0.257600
1404000 -0.246400
1405000 -0.236800
1406000 -0.237600
1407000 -0.237600
1408000 -0.250400
1409000 -0.244000
1410000 -0.252000
1411000 -0.274400
1412000 -0.278400
1413000 -0.287200
1414000 -0.284000
1415000 -0.304000
1416000 -0.337600
1417000 -0.327200
1418000 -0.322400
1419000 -0.319200
1420000 -0.310400
1421000 -0.319200
1422000 -0.320000
1423000 -0.307200
1424000 -0.312800
1425000 -0.308000
1426000 -0.322400
1427000 -0.335200
1428000 -0.323200
1429000 -0.315200
1430000 -0.324800
1431000 -0.334400
1432000 -0.330400
1433000 -0.334400
1434000 -0.341600
1435000 -0.347200
1436000 -0.346400
1437000 -0.357600
1438000 -0.364800
1439000 -0.371200
1440000 -0.368000
1441000 -0.339200
1442000 -0.344000
1443000 -0.325600
1444000 -0.332000
1445000 -0.309600
1446000 -0.304000
1447000 -0.309600
1448000 -0.312000
1449000 -0.278400
1450000 -0.289600
1451000 -0.292000
1452000 -0.316000
1453000 -0.312000
1454000 -0.310400
1455000 -0.312800
1456000 -0.320000
1457000 -0.317600
1458000 -0.307200
1459000 -0.296800
1460000 -0.296000
1461000 -0.276800
1462000 -0.284800
1463000 -0.273600
1464000 -0.298400
1465000 -0.292800
1466000 -0.288800
1467000 -0.290400
1468000 -0.297600
1469000 -0.315200
1470000 -0.312000
1471000 -0.311200
1472000 -0.318400
1473000 -0.313600
1474000 -0.332000
1475000 -0.320000
1476000 -0.304800
1477000 -0.311200
1478000 -0.314400
1479000 -0.322400
1480000 -0.333600
1481000 -0.337600
1482000 -0.364000
1483000 -0.360800
1484000 -0.352000
1485000 -0.362400
1486000 -0.360800
1487000 -0.342400
1488000 -0.358400
1489000 -0.369600
1490000 -0.354400
1491000 -0.341600
1492000 -0.352000
1493000 -0.348000
1494000 -0.344800
1495000 -0.359200
1496000 -0.370400
1497000 -0.380000
1498000 -0.382400
1499000 -0.373600
1500000 -0.396000
1501000 -0.404800
1502000 -0.417600
1503000 -0.428000
1504000 -0.429600
1505000 -0.424800
1506000 -0.412800
1507000 -0.389600
1508000 -0.390400
1509000 -0.384800
1510000 -0.377600
1511000 -0.373600
1512000 -0.367200
1513000 -0.355200
1514000 -0.355200
1515000 -0.352000
1516000 -0.352800
1517000 -0.344000
1518000 -0.368000
1519000 -0.372800
1520000 -0.351200
1521000 -0.352800
1522000 -0.337600
1523000 -0.338400
1524000 -0.365600
1525000 -0.332000
1526000 -0.359200
1527000 -0.367200
1528000 -0.353600
1529000 -0.376000
1530000 -0.394400
1531000 -0.422400
1532000 -0.407200
1533000 -0.403200
1534000 -0.412800
1535000 -0.431200
1536000 -0.394400
1537000 -0.399200
1538000 -0.408000
1539000 -0.410400
1540000 -0.425600
1541000 -0.435200
1542000 -0.432000
1543000 -0.435200
1544000 -0.432000
1545000 -0.455200
1546000 -0.451200
1547000 -0.439200
1548000 -0.428800
1549000 -0.400000
1550000 -0.396800
1551000 -0.392000
1552000 -0.373600
1553000 -0.371200
1554000 -0.383200
1555000 -0.369600
1556000 -0.389600
1557000 -0.394400
1558000 -0.388800
1559000 -0.382400
1560000 -0.390400
1561000 -0.396800
1562000 -0.372800
1563000 -0.367200
1564000 -0.386400
1565000 -0.361600
1566000 -0.367200
1567000 -0.372800
1568000 -0.356000
1569000 -0.344000
1570000 -0.355200
1571000 -0.339200
1572000 -0.339200
1573000 -0.372000
1574000 -0.374400
1575000 -0.337600
1576000 -0.341600
1577000 -0.335200
1578000 -0.328800
1579000 -0.318400
1580000 -0.280000
1581000 -0.264800
1582000 -0.278400
1583000 -0.279200
1584000 -0.259200
1585000 -0.254400
1586000 -0.268000
1587000 -0.254400
1588000 -0.241600
1589000 -0.247200
1590000 -0.224000
1591000 -0.239200
1592000 -0.265600
1593000 -0.233600
1594000 -0.209600
1595000 -0.191200
1596000 -0.183200
1597000 -0.198400
1598000 -0.207200
1599000 -0.195200
1600000 -0.167200
1601000 -0.160800
1602000 -0.195200
1603000 -0.207200
1604000 -0.208000
1605000 -0.190400
1606000 -0.197600
1607000 -0.177600
1608000 -0.175200
1609000 -0.179200
1610000 -0.188800
1611000 -0.164000
1612000 -0.198400
1613000 -0.216000
1614000 -0.233600
1615000 -0.244000
1616000 -0.253600
1617000 -0.257600
1618000 -0.283200
1619000 -0.277600
1620000 -0.266400
1621000 -0.273600
1622000 -0.248000
1623000 -0.269600
1624000 -0.262400
1625000 -0.267200
1626000 -0.247200
1627000 -0.244000
1628000 -0.220800
1629000 -0.226400
1630000 -0.212000
1631000 -0.196000
1632000 -0.195200
1633000 -0.223200
1634000 -0.216000
1635000 -0.217600
1636000 -0.216800
1637000 -0.193600
1638000 -0.173600
1639000 -0.170400
1640000 -0.172000
1641000 -0.165600
1642000 -0.174400
1643000 -0.204800
1644000 -0.196800
1645000 -0.199200
1646000 -0.201600
1647000 -0.202400
1648000 -0.230400
1649000 -0.238400
1650000 -0.252800
1651000 -0.270400
1652000 -0.256800
1653000 -0.232800
1654000 -0.231200
1655000 -0.222400
1656000 -0.212800
1657000 -0.208000
1658000 -0.193600
1659000 -0.177600
1660000 -0.176800
1661000 -0.156800
1662000 -0.192800
1663000 -0.200800
1664000 -0.186400
1665000 -0.168800
1666000 -0.146400
1667000 -0.148800
1668000 -0.164800
1669000 -0.174400
1670000 -0.184800
1671000 -0.184000
1672000 -0.172800
1673000 -0.181600
1674000 -0.180800
1675000 -0.231200
1676000 -0.197600
1677000 -0.180800
1678000 -0.184800
1679000 -0.160000
1680000 -0.184800
1681000 -0.185600
1682000 -0.182400
1683000 -0.166400
1684000 -0.184000
1685000 -0.188000
1686000 -0.191200
1687000 -0.202400
1688000 -0.216000
1689000 -0.200000
1690000 -0.210400
1691000 -0.200800
1692000 -0.188000
1693000 -0.172800
1694000 -0.167200
1695000 -0.170400
1696000 -0.176000
1697000 -0.194400
1698000 -0.188800
1699000 -0.178400
1700000 -0.162400
1701000 -0.154400
1702000 -0.166400
1703000 -0.153600
1704000 -0.168800
1705000 -0.160000
1706000 -0.172800
1707000 -0.142400
1708000 -0.120000
1709000 -0.104000
1710000 -0.125600
1711000 -0.126400
1712000 -0.111200
1713000 -0.113600
1714000 -0.099200
1715000 -0.104000
1716000 -0.124800
1717000 -0.109600
1718000 -0.080000
1719000 -0.089600
1720000 -0.124800
1721000 -0.118400
1722000 -0.118400
1723000 -0.133600
1724000 -0.148800
1725000 -0.134400
1726000 -0.152000
1727000 -0.148800
1728000 -0.138400
1729000 -0.141600
1730000 -0.120800
1731000 -0.123200
1732000 -0.125600
1733000 -0.119200
1734000 -0.094400
1735000 -0.110400
1736000 -0.099200
1737000 -0.092800
1738000 -0.096800
1739000 -0.085600
1740000 -0.088800
1741000 -0.090400
1742000 -0.107200
1743000 -0.115200
1744000 -0.125600
1745000 -0.124000
1746000 -0.146400
1747000 -0.176000
1748000 -0.169600
1749000 -0.154400
1750000 -0.141600
1751000 -0.139200
1752000 -0.120800
1753000 -0.110400
1754000 -0.100800
1755000 -0.112000
1756000 -0.095200
1757000 -0.086400
1758000 -0.105600
1759000 -0.083200
1760000 -0.072000
1761000 -0.066400
1762000 -0.066400
1763000 -0.060800
1764000 -0.044800
1765000 -0.028000
1766000 -0.040800
1767000 -0.042400
1768000 -0.043200
1769000 -0.030400
1770000 -0.023200
1771000 -0.053600
1772000 -0.047200
1773000 -0.027200
1774000 -0.036800
1775000 -0.017600
1776000 -0.021600
1777000 -0.020000
1778000 -0.028000
1779000 -0.051200
1780000 -0.062400
1781000 -0.080000
1782000 -0.060800
1783000 -0.058400
1784000 -0.038400
1785000 -0.031200
1786000 -0.049600
1787000 -0.052800
1788000 -0.056000
1789000 -0.036800
1790000 -0.031200
1791000 -0.036800
1792000 -0.008000
1793000 -0.022400
1794000 0.004000
1795000 0.022400
1796000 0.044800
1797000 0.042400
1798000 0.078400
1799000 0.104000
1800000 0.118400
1801000 0.104800
1802000 0.084800
1803000 0.092000
1804000 0.089600
1805000 0.106400
1806000 0.091200
1807000 0.082400
1808000 0.068800
1809000 0.078400
1810000 0.064800
1811000 0.064000
1812000 0.078400
1813000 0.082400
1814000 0.079200
1815000 0.090400
1816000 0.093600
1817000 0.077600
1818000 0.077600
1819000 0.098400
1820000 0.091200
1821000 0.106400
1822000 0.135200
1823000 0.114400
1824000 0.102400
1825000 0.107200
1826000 0.087200
1827000 0.074400
1828000 0.100800
1829000 0.092800
1830000 0.098400
1831000 0.070400
1832000 0.043200
1833000 0.048000
1834000 0.056000
1835000 0.070400
1836000 0.077600
1837000 0.104800
1838000 0.096800
1839000 0.083200
1840000 0.099200
1841000 0.085600
1842000 0.105600
1843000 0.124800
1844000 0.130400
1845000 0.108000
1846000 0.104000
1847000 0.128800
1848000 0.148000
1849000 0.142400
1850000 0.141600
1851000 0.148800
1852000 0.181600
1853000 0.199200
1854000 0.194400
1855000 0.167200
1856000 0.152800
1857000 0.160000
1858000 0.160800
1859000 0.173600
1860000 0.152800
1861000 0.127200
1862000 0.112800
1863000 0.111200
1864000 0.121600
1865000 0.133600
1866000 0.107200
1867000 0.107200
1868000 0.075200
1869000 0.069600
1870000 0.071200
1871000 0.044000
1872000 0.045600
1873000 0.039200
1874000 0.027200
1875000 -0.000800
1876000 0.012800
1877000 -0.012800
1878000 -0.040000
1879000 -0.032800
1880000 -0.046400
1881000 -0.044800
1882000 -0.056000
1883000 -0.053600
1884000 -0.053600
1885000 -0.056000
1886000 -0.061600
1887000 -0.065600
1888000 -0.055200
1889000 -0.047200
1890000 -0.050400
1891000 -0.056800
1892000 -0.044800
1893000 -0.056000
1894000 -0.076800
1895000 -0.092800
1896000 -0.108000
1897000 -0.107200
1898000 -0.105600
1899000 -0.115200
1900000 -0.135200
1901000 -0.140800
1902000 -0.148000
1903000 -0.158400
1904000 -0.184800
1905000 -0.182400
1906000 -0.170400
1907000 -0.148800
1908000 -0.126400
1909000 -0.133600
1910000 -0.142400
1911000 -0.148800
1912000 -0.165600
1913000 -0.160800
1914000 -0.165600
1915000 -0.166400
1916000 -0.178400
1917000 -0.156800
1918000 -0.168000
1919000 -0.154400
1920000 -0.127200
1921000 -0.121600
1922000 -0.106400
1923000 -0.104800
1924000 -0.113600
1925000 -0.083200
1926000 -0.096000
1927000 -0.100800
1928000 -0.084000
1929000 -0.059200
1930000 -0.048000
1931000 -0.070400
1932000 -0.080800
1933000 -0.089600
1934000 -0.090400
1935000 -0.106400
1936000 -0.102400
1937000 -0.092000
1938000 -0.106400
1939000 -0.132800
1940000 -0.148000
1941000 -0.137600
1942000 -0.146400
1943000 -0.154400
1944000 -0.172000
1945000 -0.159200
1946000 -0.132000
1947000 -0.132000
1948000 -0.129600
1949000 -0.140000
1950000 -0.141600
1951000 -0.120800
1952000 -0.112000
1953000 -0.106400
1954000 -0.087200
1955000 -0.087200
1956000 -0.072800
1957000 -0.064000
1958000 -0.042400
1959000 -0.062400
1960000 -0.056800
1961000 -0.049600
1962000 -0.059200
1963000 -0.066400
1964000 -0.071200
1965000 -0.081600
1966000 -0.116000
1967000 -0.123200
1968000 -0.116000
1969000 -0.105600
1970000 -0.121600
1971000 -0.108000
1972000 -0.088800
1973000 -0.096000
1974000 -0.111200
1975000 -0.119200
1976000 -0.107200
1977000 -0.111200
1978000 -0.104800
1979000 -0.117600
1980000 -0.124800
1981000 -0.141600
1982000 -0.143200
1983000 -0.143200
1984000 -0.124800
1985000 -0.125600
1986000 -0.110400
1987000 -0.103200
1988000 -0.117600
1989000 -0.124800
1990000 -0.121600
1991000 -0.121600
1992000 -0.113600
1993000 -0.114400
1994000 -0.122400
1995000 -0.123200
1996000 -0.112800
1997000 -0.109600
1998000 -0.132000
1999000 -0.114400
2000000 -0.104800
2001000 -0.110400
2002000 -0.100000
2003000 -0.097600
2004000 -0.109600
2005000 -0.086400
2006000 -0.072000
2007000 -0.086400
2008000 -0.105600
2009000 -0.103200
2010000 -0.082400
2011000 -0.069600
2012000 -0.064800
2013000 -0.057600
2014000 -0.030400
2015000 -0.029600
2016000 -0.028800
2017000 -0.044800
2018000 -0.038400
2019000 -0.052000
2020000 -0.063200
2021000 -0.062400
2022000 -0.047200
2023000 -0.052800
2024000 -0.051200
2025000 -0.079200
2026000 -0.090400
2027000 -0.092800
2028000 -0.103200
2029000 -0.088800
2030000 -0.104000
2031000 -0.103200
2032000 -0.112800
2033000 -0.095200
2034000 -0.097600
2035000 -0.110400
2036000 -0.124800
2037000 -0.095200
2038000 -0.124000
2039000 -0.145600
2040000 -0.156000
2041000 -0.150400
2042000 -0.159200
2043000 -0.141600
2044000 -0.160800
2045000 -0.169600
2046000 -0.176800
2047000 -0.180000
2048000 -0.173600
2049000 -0.161600
2050000 -0.158400
2051000 -0.178400
2052000 -0.168800
2053000 -0.164800
2054000 -0.163200
2055000 -0.164800
2056000 -0.148000
2057000 -0.140000
2058000 -0.144800
2059000 -0.146400
2060000 -0.121600
2061000 -0.137600
2062000 -0.150400
2063000 -0.138400
2064000 -0.124800
2065000 -0.116000
2066000 -0.101600
2067000 -0.120800
2068000 -0.130400
2069000 -0.119200
2070000 -0.136000
2071000 -0.130400
2072000 -0.104000
2073000 -0.128800
2074000 -0.160800
2075000 -0.143200
2076000 -0.112800
2077000 -0.116800
2078000 -0.103200
2079000 -0.112800
2080000 -0.091200
2081000 -0.090400
2082000 -0.078400
2083000 -0.071200
2084000 -0.067200
2085000 -0.066400
2086000 -0.060800
2087000 -0.064000
2088000 -0.096000
2089000 -0.122400
2090000 -0.138400
2091000 -0.148000
2092000 -0.144000
2093000 -0.158400
2094000 -0.124000
2095000 -0.129600
2096000 -0.115200
2097000 -0.128000
2098000 -0.108800
2099000 -0.107200
2100000 -0.116800
2101000 -0.113600
2102000 -0.110400
2103000 -0.111200
2104000 -0.092800
2105000 -0.072000
2106000 -0.084800
2107000 -0.091200
2108000 -0.085600
2109000 -0.087200
2110000 -0.089600
2111000 -0.089600
2112000 -0.080800
2113000 -0.064800
2114000 -0.057600
2115000 -0.036800
2116000 -0.049600
2117000 -0.049600
2118000 -0.047200
2119000 -0.047200
2120000 -0.055200
2121000 -0.051200
2122000 -0.046400
2123000 -0.056000
2124000 -0.067200
2125000 -0.036800
2126000 -0.038400
2127000 -0.048800
2128000 -0.017600
2129000 -0.013600
2130000 -0.008000
2131000 -0.002400
2132000 0.016000
2133000 0.036000
2134000 0.044000
2135000 0.020800
2136000 0.024000
2137000 -0.003200
2138000 0.018400
2139000 0.019200
2140000 0.004000
2141000 0.010400
2142000 0.031200
2143000 0.057600
2144000 0.053600
2145000 0.056800
2146000 0.055200
2147000 0.060000
2148000 0.035200
2149000 0.021600
2150000 0.024000
2151000 0.016800
2152000 0.032000
2153000 0.008000
2154000 0.008800
2155000 0.000000
2156000 -0.011200
2157000 0.014400
2158000 0.013600
2159000 0.029600
2160000 0.026400
2161000 0.061600
2162000 0.048000
2163000 0.032000
2164000 0.042400
2165000 0.060000
2166000 0.049600
2167000 0.071200
2168000 0.072000
2169000 0.082400
2170000 0.077600
2171000 0.099200
2172000 0.080800
2173000 0.094400
2174000 0.084800
2175000 0.076000
2176000 0.056800
2177000 0.051200
2178000 0.056800
2179000 0.092000
2180000 0.084800
2181000 0.072000
2182000 0.093600
2183000 0.084000
2184000 0.091200
2185000 0.096800
2186000 0.076000
2187000 0.104000
2188000 0.094400
2189000 0.107200
2190000 0.132800
2191000 0.154400
2192000 0.149600
2193000 0.164000
2194000 0.164000
2195000 0.164000
2196000 0.191200
2197000 0.193600
2198000 0.197600
2199000 0.208800
2200000 0.224000
2201000 0.232000
2202000 0.252800
2203000 0.256000
2204000 0.238400
2205000 0.212000
2206000 0.194400
2207000 0.204000
2208000 0.202400
2209000 0.208000
2210000 0.216000
2211000 0.193600
2212000 0.212800
2213000 0.215200
2214000 0.212800
2215000 0.236800
2216000 0.228000
2217000 0.236000
2218000 0.216800
2219000 0.220800
2220000 0.228000
2221000 0.232000
2222000 0.229600
2223000 0.209600
2224000 0.236000
2225000 0.215200
2226000 0.206400
2227000 0.232000
2228000 0.241600
2229000 0.250400
2230000 0.232000
2231000 0.246400
2232000 0.252800
2233000 0.264800
2234000 0.276800
2235000 0.268000
2236000 0.248800
2237000 0.228800
2238000 0.219200
2239000 0.252000
2240000 0.256000
2241000 0.245600
2242000 0.243200
2243000 0.263200
2244000 0.276800
2245000 0.247200
2246000 0.244000
2247000 0.260000
2248000 0.243200
2249000 0.238400
2250000 0.256800
2251000 0.254400
2252000 0.249600
2253000 0.235200
2254000 0.236000
2255000 0.230400
2256000 0.224000
2257000 0.227200
2258000 0.228800
2259000 0.240000
2260000 0.254400
2261000 0.267200
2262000 0.275200
2263000 0.270400
2264000 0.236000
2265000 0.250400
2266000 0.256800
2267000 0.292000
2268000 0.268800
2269000 0.273600
2270000 0.263200
2271000 0.257600
2272000 0.269600
2273000 0.268800
2274000 0.279200
2275000 0.260000
2276000 0.258400
2277000 0.233600
2278000 0.219200
2279000 0.216000
2280000 0.209600
2281000 0.212000
2282000 0.207200
2283000 0.216800
2284000 0.232000
2285000 0.239200
2286000 0.224000
2287000 0.224000
2288000 0.223200
2289000 0.207200
2290000 0.216000
2291000 0.202400
2292000 0.214400
2293000 0.243200
2294000 0.257600
2295000 0.267200
2296000 0.264000
2297000 0.254400
2298000 0.240800
2299000 0.251200
2300000 0.252000
2301000 0.242400
2302000 0.246400
2303000 0.244000
2304000 0.247200
2305000 0.237600
2306000 0.267200
2307000 0.262400
2308000 0.217600
2309000 0.204000
2310000 0.199200
2311000 0.180000
2312000 0.172800
2313000 0.179200
2314000 0.187200
2315000 0.174400
2316000 0.168800
2317000 0.197600
2318000 0.205600
2319000 0.208000
2320000 0.193600
2321000 0.211200
2322000 0.215200
2323000 0.223200
2324000 0.224800
2325000 0.228000
2326000 0.220800
2327000 0.201600
2328000 0.194400
2329000 0.193600
2330000 0.188000
2331000 0.177600
2332000 0.185600
2333000 0.162400
2334000 0.145600
2335000 0.153600
2336000 0.161600
2337000 0.176800
2338000 0.155200
2339000 0.137600
2340000 0.132800
2341000 0.132000
2342000 0.124000
2343000 0.144800
2344000 0.150400
2345000 0.175200
2346000 0.196000
2347000 0.215200
2348000 0.172800
2349000 0.188000
2350000 0.208800
2351000 0.190400
2352000 0.214400
2353000 0.200000
2354000 0.196800
2355000 0.236800
2356000 0.240000
2357000 0.229600
2358000 0.192000
2359000 0.188800
2360000 0.220000
2361000 0.210400
2362000 0.210400
2363000 0.213600
2364000 0.178400
2365000 0.171200
2366000 0.162400
2367000 0.151200
2368000 0.147200
2369000 0.144000
2370000 0.144800
2371000 0.109600
2372000 0.113600
2373000 0.112000
2374000 0.100000
2375000 0.096800
2376000 0.066400
2377000 0.068000
2378000 0.061600
2379000 0.079200
2380000 0.092800
2381000 0.108000
2382000 0.092000
2383000 0.105600
2384000 0.116000
2385000 0.108800
2386000 0.107200
2387000 0.115200
2388000 0.115200
2389000 0.109600
2390000 0.095200
2391000 0.071200
2392000 0.073600
2393000 0.070400
2394000 0.071200
2395000 0.083200
2396000 0.071200
2397000 0.075200
2398000 0.095200
2399000 0.104000
2400000 0.112800
2401000 0.115200
2402000 0.104000
2403000 0.095200
2404000 0.104000
2405000 0.099200
2406000 0.096800
2407000 0.101600
2408000 0.106400
2409000 0.132000
2410000 0.108000
2411000 0.111200
2412000 0.093600
2413000 0.098400
2414000 0.085600
2415000 0.092000
2416000 0.111200
2417000 0.092800
2418000 0.116800
2419000 0.112000
2420000 0.132800
2421000 0.155200
2422000 0.152800
2423000 0.153600
2424000 0.149600
2425000 0.146400
2426000 0.156800
2427000 0.143200
2428000 0.128800
2429000 0.150400
2430000 0.130400
2431000 0.122400
2432000 0.101600
2433000 0.108800
2434000 0.123200
2435000 0.125600
2436000 0.121600
2437000 0.139200
2438000 0.138400
2439000 0.124800
2440000 0.126400
2441000 0.130400
2442000 0.128800
2443000 0.117600
2444000 0.139200
2445000 0.150400
2446000 0.166400
2447000 0.177600
2448000 0.175200
2449000 0.195200
2450000 0.186400
2451000 0.171200
2452000 0.176800
2453000 0.196800
2454000 0.199200
2455000 0.176000
2456000 0.198400
2457000 0.184800
2458000 0.196800
2459000 0.192800
2460000 0.178400
2461000 0.196800
2462000 0.188000
2463000 0.195200
2464000 0.192800
2465000 0.183200
2466000 0.155200
2467000 0.166400
2468000 0.176800
2469000 0.164000
2470000 0.130400
2471000 0.136000
2472000 0.115200
2473000 0.106400
2474000 0.105600
2475000 0.116800
2476000 0.102400
2477000 0.080000
2478000 0.077600
2479000 0.083200
2480000 0.068000
2481000 0.048800
2482000 0.031200
2483000 0.037600
2484000 0.040800
2485000 0.043200
2486000 0.032000
2487000 0.035200
2488000 0.030400
2489000 0.052000
2490000 0.061600
2491000 0.062400
2492000 0.077600
2493000 0.096000
2494000 0.116000
2495000 0.120800
2496000 0.090400
2497000 0.112000
2498000 0.107200
2499000 0.084800
2500000 0.076000
2501000 0.105600
2502000 0.087200
2503000 0.115200
2504000 0.104000
2505000 0.109600
2506000 0.084800
2507000 0.060800
2508000 0.077600
2509000 0.081600
2510000 0.107200
2511000 0.094400
2512000 0.105600
2513000 0.074400
2514000 0.075200
2515000 0.079200
2516000 0.092000
2517000 0.101600
2518000 0.079200
2519000 0.069600
2520000 0.074400
2521000 0.096000
2522000 0.109600
2523000 0.136000
2524000 0.115200
2525000 0.117600
2526000 0.102400
2527000 0.120800
2528000 0.128000
2529000 0.126400
2530000 0.140000
2531000 0.148000
2532000 0.165600
2533000 0.132800
2534000 0.108800
2535000 0.112800
2536000 0.107200
2537000 0.121600
2538000 0.132000
2539000 0.141600
2540000 0.128800
2541000 0.144000
2542000 0.151200
2543000 0.147200
2544000 0.153600
2545000 0.166400
2546000 0.137600
2547000 0.136000
2548000 0.163200
2549000 0.166400
2550000 0.161600
2551000 0.176000
2552000 0.156800
2553000 0.182400
2554000 0.182400
2555000 0.161600
2556000 0.152000
2557000 0.147200
2558000 0.134400
2559000 0.141600
2560000 0.156800
2561000 0.158400
2562000 0.160800
2563000 0.168000
2564000 0.173600
2565000 0.169600
2566000 0.182400
2567000 0.168800
2568000 0.155200
2569000 0.149600
2570000 0.128800
2571000 0.113600
2572000 0.101600
2573000 0.078400
2574000 0.079200
2575000 0.088000
2576000 0.097600
2577000 0.093600
2578000 0.079200
2579000 0.057600
2580000 0.051200
2581000 0.030400
2582000 0.027200
2583000 0.020000
2584000 0.006400
2585000 -0.011200
2586000 0.018400
2587000 0.020800
2588000 0.015200
2589000 0.036000
2590000 0.024000
2591000 0.021600
2592000 0.024800
2593000 0.038400
2594000 0.056000
2595000 0.043200
2596000 0.039200
2597000 0.036000
2598000 0.039200
2599000 0.053600
2600000 0.041600
2601000 0.030400
2602000 0.013600
2603000 0.032000
2604000 0.017600
2605000 0.011200
2606000 0.000800
2607000 0.003200
2608000 0.014400
2609000 0.011200
2610000 0.044800
2611000 0.058400
2612000 0.064800
2613000 0.056800
2614000 0.069600
2615000 0.052800
2616000 0.053600
2617000 0.055200
2618000 0.068800
2619000 0.077600
2620000 0.096000
2621000 0.086400
2622000 0.073600
2623000 0.084000
2624000 0.064000
2625000 0.065600
2626000 0.061600
2627000 0.079200
2628000 0.073600
2629000 0.088000
2630000 0.096000
2631000 0.084000
2632000 0.076800
2633000 0.095200
2634000 0.089600
2635000 0.072000
2636000 0.024000
2637000 0.026400
2638000 0.031200
2639000 0.037600
2640000 0.056000
2641000 0.056000
2642000 0.045600
2643000 0.044000
2644000 0.040000
2645000 0.058400
2646000 0.041600
2647000 0.041600
2648000 0.050400
2649000 0.027200
2650000 0.022400
2651000 0.048800
2652000 -0.002400
2653000 0.009600
2654000 -0.019200
2655000 0.011200
2656000 0.027200
2657000 0.036000
2658000 0.032000
2659000 0.048000
2660000 0.033600
2661000 0.025600
2662000 0.001600
2663000 0.024800
2664000 0.023200
2665000 0.025600
2666000 -0.000800
2667000 0.001600
2668000 -0.002400
2669000 -0.020800
2670000 -0.024000
2671000 -0.030400
2672000 -0.034400
2673000 -0.060000
2674000 -0.049600
2675000 -0.058400
2676000 -0.043200
2677000 -0.036000
2678000 -0.056000
2679000 -0.067200
2680000 -0.075200
2681000 -0.070400
2682000 -0.060800
2683000 -0.069600
2684000 -0.064800
2685000 -0.075200
2686000 -0.081600
2687000 -0.100000
2688000 -0.092800
2689000 -0.115200
2690000 -0.120800
2691000 -0.105600
2692000 -0.096800
2693000 -0.097600
2694000 -0.091200
2695000 -0.096000
2696000 -0.089600
2697000 -0.069600
2698000 -0.064000
2699000 -0.049600
2700000 -0.068000
2701000 -0.064800
2702000 -0.074400
2703000 -0.064800
2704000 -0.062400
2705000 -0.036000
2706000 -0.052800
2707000 -0.033600
2708000 -0.057600
2709000 -0.079200
2710000 -0.070400
2711000 -0.062400
2712000 -0.073600
2713000 -0.085600
2714000 -0.081600
2715000 -0.092000
2716000 -0.120000
2717000 -0.103200
2718000 -0.097600
2719000 -0.080000
2720000 -0.083200
2721000 -0.072800
2722000 -0.071200
2723000 -0.086400
2724000 -0.077600
2725000 -0.067200
2726000 -0.065600
2727000 -0.071200
2728000 -0.081600
2729000 -0.088000
2730000 -0.073600
2731000 -0.058400
2732000 -0.059200
2733000 -0.072000
2734000 -0.064800
2735000 -0.068800
2736000 -0.080800
2737000 -0.084000
2738000 -0.107200
2739000 -0.120800
2740000 -0.116800
2741000 -0.117600
2742000 -0.103200
2743000 -0.116800
2744000 -0.132800
2745000 -0.128800
2746000 -0.130400
2747000 -0.104800
2748000 -0.082400
2749000 -0.100800
2750000 -0.089600
2751000 -0.090400
2752000 -0.096000
2753000 -0.100800
2754000 -0.116800
2755000 -0.107200
2756000 -0.121600
2757000 -0.124000
2758000 -0.140000
2759000 -0.138400
2760000 -0.171200
2761000 -0.184000
2762000 -0.168800
2763000 -0.177600
2764000 -0.173600
2765000 -0.206400
2766000 -0.218400
2767000 -0.208800
2768000 -0.202400
2769000 -0.206400
2770000 -0.220000
2771000 -0.228800
2772000 -0.240000
2773000 -0.259200
2774000 -0.211200
2775000 -0.207200
2776000 -0.198400
2777000 -0.188800
2778000 -0.177600
2779000 -0.176000
2780000 -0.184000
2781000 -0.175200
2782000 -0.174400
2783000 -0.179200
2784000 -0.174400
2785000 -0.176800
2786000 -0.185600
2787000 -0.176800
2788000 -0.188000
2789000 -0.186400
2790000 -0.188800
2791000 -0.191200
2792000 -0.183200
2793000 -0.171200
2794000 -0.158400
2795000 -0.167200
2796000 -0.171200
2797000 -0.182400
2798000 -0.184000
2799000 -0.169600
2800000 -0.181600
2801000 -0.164000
2802000 -0.164000
2803000 -0.172800
2804000 -0.202400
2805000 -0.191200
2806000 -0.204800
2807000 -0.200800
2808000 -0.210400
2809000 -0.212000
2810000 -0.190400
2811000 -0.220000
2812000 -0.224000
2813000 -0.236800
2814000 -0.255200
2815000 -0.258400
2816000 -0.245600
2817000 -0.233600
2818000 -0.220800
2819000 -0.208000
2820000 -0.215200
2821000 -0.193600
2822000 -0.192800
2823000 -0.200800
2824000 -0.210400
2825000 -0.194400
2826000 -0.183200
2827000 -0.187200
2828000 -0.188800
2829000 -0.181600
2830000 -0.198400
2831000 -0.200000
2832000 -0.198400
2833000 -0.196000
2834000 -0.184000
2835000 -0.200800
2836000 -0.194400
2837000 -0.227200
2838000 -0.208000
2839000 -0.203200
2840000 -0.208000
2841000 -0.204800
2842000 -0.222400
2843000 -0.221600
2844000 -0.192800
2845000 -0.196800
2846000 -0.204000
2847000 -0.208800
2848000 -0.209600
2849000 -0.212800
2850000 -0.212000
2851000 -0.208000
2852000 -0.179200
2853000 -0.153600
2854000 -0.146400
2855000 -0.138400
2856000 -0.151200
2857000 -0.155200
2858000 -0.175200
2859000 -0.184800
2860000 -0.172000
2861000 -0.166400
2862000 -0.173600
2863000 -0.192000
2864000 -0.208800
2865000 -0.172800
2866000 -0.166400
2867000 -0.158400
2868000 -0.149600
2869000 -0.158400
2870000 -0.177600
2871000 -0.158400
2872000 -0.162400
2873000 -0.152800
2874000 -0.163200
2875000 -0.188800
2876000 -0.194400
2877000 -0.194400
2878000 -0.167200
2879000 -0.162400
2880000 -0.190400
2881000 -0.203200
2882000 -0.203200
2883000 -0.200800
2884000 -0.198400
2885000 -0.191200
2886000 -0.216800
2887000 -0.201600
2888000 -0.208000
2889000 -0.177600
2890000 -0.180000
2891000 -0.160800
2892000 -0.174400
2893000 -0.178400
2894000 -0.188000
2895000 -0.212000
2896000 -0.205600
2897000 -0.214400
2898000 -0.203200
2899000 -0.223200
2900000 -0.196800
2901000 -0.195200
2902000 -0.204800
2903000 -0.192000
2904000 -0.198400
2905000 -0.196000
2906000 -0.199200
2907000 -0.199200
2908000 -0.179200
2909000 -0.165600
2910000 -0.160800
2911000 -0.164000
2912000 -0.157600
2913000 -0.176000
2914000 -0.181600
2915000 -0.160000
2916000 -0.175200
2917000 -0.158400
2918000 -0.153600
2919000 -0.125600
2920000 -0.132000
2921000 -0.135200
2922000 -0.138400
2923000 -0.150400
2924000 -0.137600
2925000 -0.133600
2926000 -0.124800
2927000 -0.110400
2928000 -0.120000
2929000 -0.107200
2930000 -0.124000
2931000 -0.119200
2932000 -0.130400
2933000 -0.133600
2934000 -0.153600
2935000 -0.132800
2936000 -0.134400
2937000 -0.102400
2938000 -0.093600
2939000 -0.112000
2940000 -0.111200
2941000 -0.124800
2942000 -0.148800
2943000 -0.145600
2944000 -0.141600
2945000 -0.152000
2946000 -0.155200
2947000 -0.139200
2948000 -0.150400
2949000 -0.149600
2950000 -0.145600
2951000 -0.126400
2952000 -0.133600
2953000 -0.151200
2954000 -0.154400
2955000 -0.144000
2956000 -0.127200
2957000 -0.142400
2958000 -0.148800
2959000 -0.176000
2960000 -0.160000
2961000 -0.160800
2962000 -0.150400
2963000 -0.127200
2964000 -0.117600
2965000 -0.097600
2966000 -0.100000
2967000 -0.074400
2968000 -0.045600
2969000 -0.077600
2970000 -0.076800
2971000 -0.084000
2972000 -0.056000
2973000 -0.052000
2974000 -0.056800
2975000 -0.044000
2976000 -0.038400
2977000 -0.019200
2978000 -0.009600
2979000 -0.024000
2980000 -0.032000
2981000 -0.042400
2982000 -0.036800
2983000 -0.036800
2984000 -0.052000
2985000 -0.056800
2986000 -0.056800
2987000 -0.063200
2988000 -0.036000
2989000 -0.045600
2990000 -0.040800
2991000 -0.040000
2992000 -0.039200
2993000 -0.061600
2994000 -0.093600
2995000 -0.096000
2996000 -0.109600
2997000 -0.105600
2998000 -0.105600
2999000 -0.117600
3000000 -0.138400
3001000 -0.132800
3002000 -0.139200
3003000 -0.113600
3004000 -0.100800
3005000 -0.120800
3006000 -0.094400
3007000 -0.095200
3008000 -0.064800
3009000 -0.059200
3010000 -0.008000
3011000 -0.004800
3012000 -0.007200
3013000 0.000800
3014000 0.008800
3015000 0.008800
3016000 0.020000
3017000 0.019200
3018000 0.016000
3019000 0.020000
3020000 0.020800
3021000 0.033600
3022000 0.053600
3023000 0.051200
3024000 0.045600
3025000 0.046400
3026000 0.052800
3027000 0.040800
3028000 0.041600
3029000 0.032800
3030000 0.026400
3031000 0.044000
3032000 0.039200
3033000 0.034400
3034000 0.032800
3035000 0.026400
3036000 0.039200
3037000 0.039200
3038000 0.044800
3039000 0.037600
3040000 0.037600
3041000 0.046400
3042000 0.051200
3043000 0.044800
3044000 0.042400
3045000 0.023200
3046000 0.032000
3047000 0.046400
3048000 0.076800
3049000 0.065600
3050000 0.048800
3051000 0.037600
3052000 0.048000
3053000 0.020000
3054000 0.004000
3055000 -0.001600
3056000 0.012000
3057000 0.008000
3058000 0.004000
3059000 -0.015200
3060000 -0.030400
3061000 -0.005600
3062000 -0.013600
3063000 -0.024000
3064000 -0.029600
3065000 -0.016800
3066000 -0.024800
3067000 -0.020800
3068000 -0.005600
3069000 -0.007200
3070000 -0.007200
3071000 0.000000
3072000 -0.023200
3073000 -0.023200
3074000 -0.051200
3075000 -0.073600
3076000 -0.073600
3077000 -0.093600
3078000 -0.098400
3079000 -0.105600
3080000 -0.072800
3081000 -0.100800
3082000 -0.096800
3083000 -0.088000
3084000 -0.078400
3085000 -0.076000
3086000 -0.068000
3087000 -0.066400
3088000 -0.080000
3089000 -0.056000
3090000 -0.036800
3091000 -0.044800
3092000 -0.053600
3093000 -0.036800
3094000 -0.037600
3095000 -0.048800
3096000 -0.042400
3097000 -0.036800
3098000 -0.064000
3099000 -0.057600
3100000 -0.069600
3101000 -0.084800
3102000 -0.070400
3103000 -0.088800
3104000 -0.080800
3105000 -0.082400
3106000 -0.060000
3107000 -0.056800
3108000 -0.058400
3109000 -0.057600
3110000 -0.061600
3111000 -0.052000
3112000 -0.043200
3113000 -0.021600
3114000 -0.036000
3115000 -0.026400
3116000 -0.006400
3117000 -0.026400
3118000 -0.030400
3119000 -0.031200
3120000 -0.032000
3121000 -0.014400
3122000 0.025600
3123000 0.040000
3124000 0.051200
3125000 0.042400
3126000 0.059200
3127000 0.031200
3128000 0.037600
3129000 0.041600
3130000 0.030400
3131000 0.036800
3132000 0.051200
3133000 0.046400
3134000 0.058400
3135000 0.040800
3136000 0.044000
3137000 0.032000
3138000 0.013600
3139000 0.008800
3140000 0.009600
3141000 0.024800
3142000 0.046400
3143000 0.080800
3144000 0.090400
3145000 0.097600
3146000 0.095200
3147000 0.076800
3148000 0.072000
3149000 0.077600
3150000 0.063200
3151000 0.055200
3152000 0.029600
3153000 0.021600
3154000 0.029600
3155000 0.058400
3156000 0.060800
3157000 0.064000
3158000 0.092800
3159000 0.090400
3160000 0.097600
3161000 0.094400
3162000 0.060000
3163000 0.037600
3164000 0.031200
3165000 0.039200
3166000 0.046400
3167000 0.066400
3168000 0.093600
3169000 0.104000
3170000 0.108000
3171000 0.100800
3172000 0.112800
3173000 0.115200
3174000 0.120000
3175000 0.123200
3176000 0.136000
3177000 0.137600
3178000 0.140000
3179000 0.121600
3180000 0.120000
3181000 0.119200
3182000 0.133600
3183000 0.133600
3184000 0.136800
3185000 0.161600
3186000 0.162400
3187000 0.157600
3188000 0.156000
3189000 0.149600
3190000 0.167200
3191000 0.129600
3192000 0.135200
3193000 0.133600
3194000 0.124800
3195000 0.141600
3196000 0.145600
3197000 0.133600
3198000 0.118400
3199000 0.114400
3200000 0.101600
3201000 0.106400
3202000 0.096800
3203000 0.119200
3204000 0.102400
3205000 0.099200
3206000 0.103200
3207000 0.103200
3208000 0.111200
3209000 0.114400
3210000 0.111200
3211000 0.102400
3212000 0.085600
3213000 0.060800
3214000 0.064000
3215000 0.065600
3216000 0.068000
3217000 0.081600
3218000 0.068800
3219000 0.048000
3220000 0.032800
3221000 0.047200
3222000 0.041600
3223000 0.040800
3224000 0.056000
3225000 0.054400
3226000 0.052000
3227000 0.029600
3228000 0.012000
3229000 0.036000
3230000 0.051200
3231000 0.037600
3232000 0.025600
3233000 0.008000
3234000 0.021600
3235000 0.020800
3236000 0.015200
3237000 0.015200
3238000 -0.008800
3239000 -0.011200
3240000 -0.010400
3241000 0.002400
3242000 0.025600
3243000 0.037600
3244000 0.030400
3245000 0.010400
3246000 0.013600
3247000 -0.004800
3248000 0.000800
3249000 0.006400
3250000 0.015200
3251000 0.025600
3252000 0.007200
3253000 0.016800
3254000 0.025600
3255000 0.015200
3256000 0.006400
3257000 0.008800
3258000 0.007200
3259000 0.021600
3260000 0.024800
3261000 0.015200
3262000 -0.008000
3263000 0.004000
3264000 -0.008800
3265000 -0.006400
3266000 -0.029600
3267000 -0.029600
3268000 0.019200
3269000 0.018400
3270000 0.010400
3271000 -0.004000
3272000 0.020800
3273000 0.013600
3274000 -0.006400
3275000 -0.023200
3276000 -0.025600
3277000 -0.033600
3278000 -0.024000
3279000 -0.039200
3280000 -0.035200
3281000 -0.048800
3282000 -0.056000
3283000 -0.061600
3284000 -0.011200
3285000 -0.023200
3286000 -0.010400
3287000 -0.013600
3288000 -0.013600
3289000 0.016800
3290000 0.005600
3291000 -0.000800
3292000 -0.033600
3293000 -0.041600
3294000 -0.053600
3295000 -0.052000
3296000 -0.083200
3297000 -0.101600
3298000 -0.108000
3299000 -0.115200
3300000 -0.125600
3301000 -0.138400
3302000 -0.133600
3303000 -0.173600
3304000 -0.156800
3305000 -0.143200
3306000 -0.148800
3307000 -0.136800
3308000 -0.147200
3309000 -0.140800
3310000 -0.152000
3311000 -0.155200
3312000 -0.141600
3313000 -0.129600
3314000 -0.115200
3315000 -0.132800
3316000 -0.124800
3317000 -0.121600
3318000 -0.128000
3319000 -0.124800
3320000 -0.128000
3321000 -0.131200
3322000 -0.118400
3323000 -0.096000
3324000 -0.076000
3325000 -0.073600
3326000 -0.082400
3327000 -0.086400
3328000 -0.072800
3329000 -0.062400
3330000 -0.056800
3331000 -0.065600
3332000 -0.072000
3333000 -0.096000
3334000 -0.100000
3335000 -0.103200
3336000 -0.128800
3337000 -0.142400
3338000 -0.134400
3339000 -0.112800
3340000 -0.096000
3341000 -0.116800
3342000 -0.111200
3343000 -0.124000
3344000 -0.141600
3345000 -0.163200
3346000 -0.147200
3347000 -0.131200
3348000 -0.149600
3349000 -0.157600
3350000 -0.160000
3351000 -0.164800
3352000 -0.160000
3353000 -0.169600
3354000 -0.164800
3355000 -0.187200
3356000 -0.184000
3357000 -0.160800
3358000 -0.154400
3359000 -0.160800
3360000 -0.154400
3361000 -0.182400
3362000 -0.197600
3363000 -0.207200
3364000 -0.208800
3365000 -0.226400
3366000 -0.252000
3367000 -0.248800
3368000 -0.241600
3369000 -0.262400
3370000 -0.245600
3371000 -0.249600
3372000 -0.257600
3373000 -0.265600
3374000 -0.275200
3375000 -0.256000
3376000 -0.236800
3377000 -0.192800
3378000 -0.203200
3379000 -0.220000
3380000 -0.220800
3381000 -0.235200
3382000 -0.223200
3383000 -0.240000
3384000 -0.218400
3385000 -0.215200
3386000 -0.223200
3387000 -0.215200
3388000 -0.208000
3389000 -0.211200
3390000 -0.204000
3391000 -0.204800
3392000 -0.183200
3393000 -0.184000
3394000 -0.195200
3395000 -0.196000
3396000 -0.187200
3397000 -0.188000
3398000 -0.164000
3399000 -0.160000
3400000 -0.172000
3401000 -0.189600
3402000 -0.183200
3403000 -0.189600
3404000 -0.188800
3405000 -0.199200
3406000 -0.175200
3407000 -0.182400
3408000 -0.212800
3409000 -0.219200
3410000 -0.201600
3411000 -0.223200
3412000 -0.217600
3413000 -0.240000
3414000 -0.256800
3415000 -0.253600
3416000 -0.258400
3417000 -0.262400
3418000 -0.275200
3419000 -0.276000
3420000 -0.272000
3421000 -0.296800
3422000 -0.296800
3423000 -0.296000
3424000 -0.329600
3425000 -0.317600
3426000 -0.299200
3427000 -0.316000
3428000 -0.308800
3429000 -0.298400
3430000 -0.300800
3431000 -0.306400
3432000 -0.309600
3433000 -0.325600
3434000 -0.326400
3435000 -0.310400
3436000 -0.328800
3437000 -0.342400
3438000 -0.332000
3439000 -0.331200
3440000 -0.336000
3441000 -0.332000
3442000 -0.332800
3443000 -0.338400
3444000 -0.342400
3445000 -0.336800
3446000 -0.333600
3447000 -0.327200
3448000 -0.341600
3449000 -0.338400
3450000 -0.320000
3451000 -0.312000
3452000 -0.299200
3453000 -0.307200
3454000 -0.288800
3455000 -0.276800
3456000 -0.254400
3457000 -0.271200
3458000 -0.272000
3459000 -0.257600
3460000 -0.242400
3461000 -0.261600
3462000 -0.258400
3463000 -0.236800
3464000 -0.256800
3465000 -0.260800
3466000 -0.260000
3467000 -0.262400
3468000 -0.260800
3469000 -0.263200
3470000 -0.268000
3471000 -0.250400
3472000 -0.245600
3473000 -0.260800
3474000 -0.277600
3475000 -0.277600
3476000 -0.270400
3477000 -0.292800
3478000 -0.304800
3479000 -0.298400
3480000 -0.288800
3481000 -0.276800
3482000 -0.300800
3483000 -0.320000
3484000 -0.292000
3485000 -0.272000
3486000 -0.256800
3487000 -0.254400
3488000 -0.254400
3489000 -0.265600
3490000 -0.263200
3491000 -0.266400
3492000 -0.272800
3493000 -0.261600
3494000 -0.272800
3495000 -0.266400
3496000 -0.274400
3497000 -0.253600
3498000 -0.235200
3499000 -0.241600
3500000 -0.232800
3501000 -0.236800
3502000 -0.251200
3503000 -0.232000
3504000 -0.242400
3505000 -0.233600
3506000 -0.225600
3507000 -0.210400
3508000 -0.189600
3509000 -0.172000
3510000 -0.173600
3511000 -0.162400
3512000 -0.148000
3513000 -0.154400
3514000 -0.137600
3515000 -0.119200
3516000 -0.103200
3517000 -0.090400
3518000 -0.091200
3519000 -0.093600
3520000 -0.095200
3521000 -0.119200
3522000 -0.142400
3523000 -0.138400
3524000 -0.140000
3525000 -0.132000
3526000 -0.153600
3527000 -0.156000
3528000 -0.156800
3529000 -0.189600
3530000 -0.196800
3531000 -0.203200
3532000 -0.192800
3533000 -0.207200
3534000 -0.211200
3535000 -0.200000
3536000 -0.193600
3537000 -0.225600
3538000 -0.211200
3539000 -0.210400
3540000 -0.184000
3541000 -0.175200
3542000 -0.172000
3543000 -0.170400
3544000 -0.145600
3545000 -0.144800
3546000 -0.128800
3547000 -0.141600
3548000 -0.179200
3549000 -0.180800
3550000 -0.177600
3551000 -0.201600
3552000 -0.185600
3553000 -0.184800
3554000 -0.205600
3555000 -0.210400
3556000 -0.207200
3557000 -0.199200
3558000 -0.208800
3559000 -0.211200
3560000 -0.227200
3561000 -0.244800
3562000 -0.255200
3563000 -0.251200
3564000 -0.235200
3565000 -0.256000
3566000 -0.260800
3567000 -0.260000
3568000 -0.280000
3569000 -0.281600
3570000 -0.308800
3571000 -0.305600
3572000 -0.300800
3573000 -0.300800
3574000 -0.299200
3575000 -0.307200
3576000 -0.305600
3577000 -0.296000
3578000 -0.266400
3579000 -0.247200
3580000 -0.238400
3581000 -0.233600
3582000 -0.248800
3583000 -0.257600
3584000 -0.222400
3585000 -0.232800
3586000 -0.224800
3587000 -0.219200
3588000 -0.246400
3589000 -0.257600
3590000 -0.261600
3591000 -0.253600
3592000 -0.267200
3593000 -0.274400
3594000 -0.264000
3595000 -0.256000
3596000 -0.252000
3597000 -0.271200
3598000 -0.253600
3599000 -0.253600
3600000 -0.244800
3601000 -0.247200
3602000 -0.260000
3603000 -0.248800
3604000 -0.266400
3605000 -0.266400
3606000 -0.260800
3607000 -0.274400
3608000 -0.262400
3609000 -0.270400
3610000 -0.276000
3611000 -0.288800
3612000 -0.294400
3613000 -0.291200
3614000 -0.261600
3615000 -0.248000
3616000 -0.260000
3617000 -0.289600
3618000 -0.299200
3619000 -0.280800
3620000 -0.268000
3621000 -0.264000
3622000 -0.258400
3623000 -0.258400
3624000 -0.233600
3625000 -0.238400
3626000 -0.224800
3627000 -0.219200
3628000 -0.216000
3629000 -0.193600
3630000 -0.189600
3631000 -0.197600
3632000 -0.216000
3633000 -0.210400
3634000 -0.221600
3635000 -0.211200
3636000 -0.199200
3637000 -0.183200
3638000 -0.195200
3639000 -0.212800
3640000 -0.210400
3641000 -0.221600
3642000 -0.224000
3643000 -0.224000
3644000 -0.204800
3645000 -0.205600
3646000 -0.196800
3647000 -0.200000
3648000 -0.189600
3649000 -0.216000
3650000 -0.208800
3651000 -0.199200
3652000 -0.198400
3653000 -0.182400
3654000 -0.166400
3655000 -0.179200
3656000 -0.188000
3657000 -0.187200
3658000 -0.225600
3659000 -0.232000
3660000 -0.213600
3661000 -0.207200
3662000 -0.198400
3663000 -0.214400
3664000 -0.219200
3665000 -0.217600
3666000 -0.236800
3667000 -0.233600
3668000 -0.211200
3669000 -0.193600
3670000 -0.198400
3671000 -0.178400
3672000 -0.196000
3673000 -0.210400
3674000 -0.199200
3675000 -0.192000
3676000 -0.186400
3677000 -0.180000
3678000 -0.200000
3679000 -0.232000
3680000 -0.242400
3681000 -0.252000
3682000 -0.237600
3683000 -0.247200
3684000 -0.255200
3685000 -0.240000
3686000 -0.241600
3687000 -0.254400
3688000 -0.237600
3689000 -0.268800
3690000 -0.288800
3691000 -0.289600
3692000 -0.275200
3693000 -0.246400
3694000 -0.266400
3695000 -0.268800
3696000 -0.256800
3697000 -0.244000
3698000 -0.232800
3699000 -0.210400
3700000 -0.197600
3701000 -0.220000
3702000 -0.214400
3703000 -0.208800
3704000 -0.224800
3705000 -0.229600
3706000 -0.233600
3707000 -0.209600
3708000 -0.206400
3709000 -0.205600
3710000 -0.221600
3711000 -0.232000
3712000 -0.236800
3713000 -0.239200
3714000 -0.246400
3715000 -0.249600
3716000 -0.267200
3717000 -0.253600
3718000 -0.268800
3719000 -0.271200
3720000 -0.255200
3721000 -0.240800
3722000 -0.260800
3723000 -0.245600
3724000 -0.254400
3725000 -0.240000
3726000 -0.238400
3727000 -0.245600
3728000 -0.220000
3729000 -0.223200
3730000 -0.233600
3731000 -0.219200
3732000 -0.220000
3733000 -0.241600
3734000 -0.246400
3735000 -0.248800
3736000 -0.244000
3737000 -0.244800
3738000 -0.279200
3739000 -0.273600
3740000 -0.280000
3741000 -0.279200
3742000 -0.271200
3743000 -0.272000
3744000 -0.259200
3745000 -0.261600
3746000 -0.287200
3747000 -0.287200
3748000 -0.296800
3749000 -0.293600
3750000 -0.288800
3751000 -0.292000
3752000 -0.303200
3753000 -0.328000
3754000 -0.324800
3755000 -0.344000
3756000 -0.342400
3757000 -0.330400
3758000 -0.348800
3759000 -0.353600
3760000 -0.348000
3761000 -0.346400
3762000 -0.322400
3763000 -0.300000
3764000 -0.281600
3765000 -0.257600
3766000 -0.247200
3767000 -0.248800
3768000 -0.265600
3769000 -0.268800
3770000 -0.258400
3771000 -0.245600
3772000 -0.245600
3773000 -0.243200
3774000 -0.228000
3775000 -0.222400
3776000 -0.233600
3777000 -0.230400
3778000 -0.227200
3779000 -0.226400
3780000 -0.236000
3781000 -0.228000
3782000 -0.220000
3783000 -0.236800
3784000 -0.244000
3785000 -0.246400
3786000 -0.242400
3787000 -0.212000
3788000 -0.206400
3789000 -0.189600
3790000 -0.180000
3791000 -0.183200
3792000 -0.164000
3793000 -0.171200
3794000 -0.155200
3795000 -0.181600
3796000 -0.177600
3797000 -0.170400
3798000 -0.204800
3799000 -0.200800
3800000 -0.200800
3801000 -0.203200
3802000 -0.193600
3803000 -0.212800
3804000 -0.217600
3805000 -0.218400
3806000 -0.215200
3807000 -0.206400
3808000 -0.197600
3809000 -0.202400
3810000 -0.218400
3811000 -0.208800
3812000 -0.221600
3813000 -0.227200
3814000 -0.217600
3815000 -0.227200
3816000 -0.221600
3817000 -0.217600
3818000 -0.208000
3819000 -0.188800
3820000 -0.188800
3821000 -0.189600
3822000 -0.199200
3823000 -0.194400
3824000 -0.196000
3825000 -0.197600
3826000 -0.206400
3827000 -0.185600
3828000 -0.204800
3829000 -0.219200
3830000 -0.204000
3831000 -0.223200
3832000 -0.215200
3833000 -0.196800
3834000 -0.213600
3835000 -0.207200
3836000 -0.195200
3837000 -0.202400
3838000 -0.191200
3839000 -0.179200
3840000 -0.171200
3841000 -0.189600
3842000 -0.181600
3843000 -0.156800
3844000 -0.147200
3845000 -0.155200
3846000 -0.160800
3847000 -0.160800
3848000 -0.168800
3849000 -0.159200
3850000 -0.176000
3851000 -0.176000
3852000 -0.152800
3853000 -0.189600
3854000 -0.180800
3855000 -0.216800
3856000 -0.229600
3857000 -0.213600
3858000 -0.196800
3859000 -0.194400
3860000 -0.193600
3861000 -0.180000
3862000 -0.192000
3863000 -0.184800
3864000 -0.174400
3865000 -0.199200
3866000 -0.223200
3867000 -0.203200
3868000 -0.206400
3869000 -0.194400
3870000 -0.168000
3871000 -0.154400
3872000 -0.161600
3873000 -0.187200
3874000 -0.184000
3875000 -0.192000
3876000 -0.204800
3877000 -0.216000
3878000 -0.219200
3879000 -0.224000
3880000 -0.209600
3881000 -0.196800
3882000 -0.189600
3883000 -0.169600
3884000 -0.175200
3885000 -0.156800
3886000 -0.139200
3887000 -0.158400
3888000 -0.166400
3889000 -0.140000
3890000 -0.124800
3891000 -0.147200
3892000 -0.148800
3893000 -0.155200
3894000 -0.145600
3895000 -0.153600
3896000 -0.166400
3897000 -0.164000
3898000 -0.154400
3899000 -0.152000
3900000 -0.192000
3901000 -0.172000
3902000 -0.172000
3903000 -0.180000
3904000 -0.191200
3905000 -0.187200
3906000 -0.166400
3907000 -0.144800
3908000 -0.127200
3909000 -0.120000
3910000 -0.111200
3911000 -0.090400
3912000 -0.102400
3913000 -0.120000
3914000 -0.120000
3915000 -0.116800
3916000 -0.130400
3917000 -0.132000
3918000 -0.122400
3919000 -0.144000
3920000 -0.123200
3921000 -0.129600
3922000 -0.124800
3923000 -0.138400
3924000 -0.136000
3925000 -0.160000
3926000 -0.180800
3927000 -0.171200
3928000 -0.160000
3929000 -0.158400
3930000 -0.148800
3931000 -0.170400
3932000 -0.177600
3933000 -0.178400
3934000 -0.189600
3935000 -0.179200
3936000 -0.223200
3937000 -0.202400
3938000 -0.201600
3939000 -0.180800
3940000 -0.150400
3941000 -0.164000
3942000 -0.175200
3943000 -0.152000
3944000 -0.172800
3945000 -0.185600
3946000 -0.176800
3947000 -0.175200
3948000 -0.167200
3949000 -0.196000
3950000 -0.209600
3951000 -0.202400
3952000 -0.198400
3953000 -0.190400
3954000 -0.186400
3955000 -0.183200
3956000 -0.188000
3957000 -0.176800
3958000 -0.166400
3959000 -0.164800
3960000 -0.153600
3961000 -0.156800
3962000 -0.155200
3963000 -0.165600
3964000 -0.163200
3965000 -0.182400
3966000 -0.187200
3967000 -0.192000
3968000 -0.184800
3969000 -0.168000
3970000 -0.145600
3971000 -0.170400
3972000 -0.184000
3973000 -0.172800
3974000 -0.176000
3975000 -0.194400
3976000 -0.186400
3977000 -0.195200
3978000 -0.193600
3979000 -0.202400
3980000 -0.224000
3981000 -0.232800
3982000 -0.229600
3983000 -0.232800
3984000 -0.224000
3985000 -0.217600
3986000 -0.209600
3987000 -0.231200
3988000 -0.228000
3989000 -0.212000
3990000 -0.218400
3991000 -0.216800
3992000 -0.217600
3993000 -0.233600
3994000 -0.232000
3995000 -0.222400
3996000 -0.214400
3997000 -0.195200
3998000 -0.206400
3999000 -0.208000
4000000 -0.192000
4001000 -0.198400
4002000 -0.194400
4003000 -0.201600
4004000 -0.220000
4005000 -0.233600
4006000 -0.228800
4007000 -0.221600
4008000 -0.224800
4009000 -0.222400
4010000 -0.224800
4011000 -0.212800
4012000 -0.207200
4013000 -0.228800
4014000 -0.206400
4015000 -0.215200
4016000 -0.205600
4017000 -0.219200
4018000 -0.228800
4019000 -0.222400
4020000 -0.225600
4021000 -0.212000
4022000 -0.197600
4023000 -0.221600
4024000 -0.215200
4025000 -0.236800
4026000 -0.224000
4027000 -0.232000
4028000 -0.236800
4029000 -0.248000
4030000 -0.231200
4031000 -0.257600
4032000 -0.271200
4033000 -0.270400
4034000 -0.269600
4035000 -0.252800
4036000 -0.239200
4037000 -0.242400
4038000 -0.247200
4039000 -0.252000
4040000 -0.256800
4041000 -0.251200
4042000 -0.237600
4043000 -0.255200
4044000 -0.276000
4045000 -0.289600
4046000 -0.307200
4047000 -0.289600
4048000 -0.272000
4049000 -0.270400
4050000 -0.271200
4051000 -0.275200
4052000 -0.259200
4053000 -0.284000
4054000 -0.295200
4055000 -0.306400
4056000 -0.296000
4057000 -0.280800
4058000 -0.276000
4059000 -0.289600
4060000 -0.292000
4061000 -0.284000
4062000 -0.289600
4063000 -0.267200
4064000 -0.259200
4065000 -0.279200
4066000 -0.289600
4067000 -0.284800
4068000 -0.311200
4069000 -0.313600
4070000 -0.300000
4071000 -0.310400
4072000 -0.306400
4073000 -0.312000
4074000 -0.315200
4075000 -0.321600
4076000 -0.350400
4077000 -0.349600
4078000 -0.360800
4079000 -0.386400
4080000 -0.389600
4081000 -0.409600
4082000 -0.395200
4083000 -0.394400
4084000 -0.398400
4085000 -0.395200
4086000 -0.376000
4087000 -0.396800
4088000 -0.384000
4089000 -0.391200
4090000 -0.400000
4091000 -0.381600
4092000 -0.369600
4093000 -0.368000
4094000 -0.371200
4095000 -0.374400
4096000 -0.369600
4097000 -0.370400
4098000 -0.375200
4099000 -0.380800
4100000 -0.395200
4101000 -0.423200
4102000 -0.422400
4103000 -0.427200
4104000 -0.425600
4105000 -0.411200
4106000 -0.400000
4107000 -0.393600
4108000 -0.384000
4109000 -0.366400
4110000 -0.368000
4111000 -0.360800
4112000 -0.332800
4113000 -0.328000
4114000 -0.335200
4115000 -0.328800
4116000 -0.344800
4117000 -0.342400
4118000 -0.348800
4119000 -0.348000
4120000 -0.352800
4121000 -0.360000
4122000 -0.368800
4123000 -0.347200
4124000 -0.350400
4125000 -0.373600
4126000 -0.381600
4127000 -0.368800
4128000 -0.367200
4129000 -0.343200
4130000 -0.370400
4131000 -0.379200
4132000 -0.360800
4133000 -0.365600
4134000 -0.351200
4135000 -0.369600
4136000 -0.368000
4137000 -0.390400
4138000 -0.371200
4139000 -0.372000
4140000 -0.381600
4141000 -0.383200
4142000 -0.385600
4143000 -0.376800
4144000 -0.383200
4145000 -0.369600
4146000 -0.363200
4147000 -0.367200
4148000 -0.378400
4149000 -0.384800
4150000 -0.406400
4151000 -0.403200
4152000 -0.437600
4153000 -0.431200
4154000 -0.434400
4155000 -0.431200
4156000 -0.427200
4157000 -0.391200
4158000 -0.399200
4159000 -0.396800
4160000 -0.385600
4161000 -0.392000
4162000 -0.384800
4163000 -0.374400
4164000 -0.403200
4165000 -0.395200
4166000 -0.400800
4167000 -0.407200
4168000 -0.384000
4169000 -0.394400
4170000 -0.385600
4171000 -0.380000
4172000 -0.377600
4173000 -0.368800
4174000 -0.376000
4175000 -0.366400
4176000 -0.344800
4177000 -0.352800
4178000 -0.340800
4179000 -0.333600
4180000 -0.339200
4181000 -0.353600
4182000 -0.345600
4183000 -0.348000
4184000 -0.340000
4185000 -0.349600
4186000 -0.323200
4187000 -0.330400
4188000 -0.339200
4189000 -0.352000
4190000 -0.325600
4191000 -0.329600
4192000 -0.313600
4193000 -0.318400
4194000 -0.306400
4195000 -0.293600
4196000 -0.280800
4197000 -0.290400
4198000 -0.282400
4199000 -0.311200
4200000 -0.290400
4201000 -0.283200
4202000 -0.277600
4203000 -0.263200
4204000 -0.282400
4205000 -0.280000
4206000 -0.270400
4207000 -0.261600
4208000 -0.242400
4209000 -0.224000
4210000 -0.215200
4211000 -0.216000
4212000 -0.228800
4213000 -0.218400
4214000 -0.206400
4215000 -0.232800
4216000 -0.227200
4217000 -0.241600
4218000 -0.245600
4219000 -0.212000
4220000 -0.225600
4221000 -0.232800
4222000 -0.235200
4223000 -0.213600
4224000 -0.191200
4225000 -0.215200
4226000 -0.203200
4227000 -0.187200
4228000 -0.164800
4229000 -0.157600
4230000 -0.162400
4231000 -0.152000
4232000 -0.148000
4233000 -0.139200
4234000 -0.118400
4235000 -0.140000
4236000 -0.100800
4237000 -0.076800
4238000 -0.099200
4239000 -0.124000
4240000 -0.136800
4241000 -0.125600
4242000 -0.134400
4243000 -0.143200
4244000 -0.132800
4245000 -0.131200
4246000 -0.132000
4247000 -0.124800
4248000 -0.124000
4249000 -0.113600
4250000 -0.110400
4251000 -0.139200
4252000 -0.158400
4253000 -0.181600
4254000 -0.160000
4255000 -0.156800
4256000 -0.159200
4257000 -0.147200
4258000 -0.130400
4259000 -0.119200
4260000 -0.140800
4261000 -0.152000
4262000 -0.122400
4263000 -0.130400
4264000 -0.132000
4265000 -0.106400
4266000 -0.124800
4267000 -0.104000
4268000 -0.097600
4269000 -0.088000
4270000 -0.091200
4271000 -0.078400
4272000 -0.062400
4273000 -0.053600
4274000 -0.058400
4275000 -0.060800
4276000 -0.048000
4277000 -0.057600
4278000 -0.071200
4279000 -0.071200
4280000 -0.072000
4281000 -0.067200
4282000 -0.074400
4283000 -0.077600
4284000 -0.080000
4285000 -0.074400
4286000 -0.081600
4287000 -0.084800
4288000 -0.109600
4289000 -0.116000
4290000 -0.110400
4291000 -0.119200
4292000 -0.097600
4293000 -0.085600
4294000 -0.070400
4295000 -0.076800
4296000 -0.082400
4297000 -0.104000
4298000 -0.079200
4299000 -0.064800
4300000 -0.031200
4301000 -0.013600
4302000 0.002400
4303000 -0.007200
4304000 -0.012800
4305000 -0.012000
4306000 -0.040800
4307000 -0.044000
4308000 -0.065600
4309000 -0.064800
4310000 -0.070400
4311000 -0.072800
4312000 -0.086400
4313000 -0.089600
4314000 -0.113600
4315000 -0.118400
4316000 -0.125600
4317000 -0.100800
4318000 -0.076000
4319000 -0.076000
4320000 -0.080800
4321000 -0.093600
4322000 -0.080800
4323000 -0.060000
4324000 -0.054400
4325000 -0.085600
4326000 -0.081600
4327000 -0.076800
4328000 -0.112800
4329000 -0.099200
4330000 -0.085600
4331000 -0.075200
4332000 -0.092800
4333000 -0.117600
4334000 -0.140800
4335000 -0.158400
4336000 -0.157600
4337000 -0.165600
4338000 -0.187200
4339000 -0.189600
4340000 -0.198400
4341000 -0.180800
4342000 -0.184000
4343000 -0.187200
4344000 -0.165600
4345000 -0.171200
4346000 -0.156000
4347000 -0.135200
4348000 -0.153600
4349000 -0.146400
4350000 -0.144800
4351000 -0.170400
4352000 -0.161600
4353000 -0.172800
4354000 -0.180800
4355000 -0.196000
4356000 -0.178400
4357000 -0.167200
4358000 -0.162400
4359000 -0.175200
4360000 -0.172800
4361000 -0.192000
4362000 -0.168800
4363000 -0.184800
4364000 -0.153600
4365000 -0.156000
4366000 -0.146400
4367000 -0.117600
4368000 -0.103200
4369000 -0.132800
4370000 -0.130400
4371000 -0.143200
4372000 -0.128000
4373000 -0.132000
4374000 -0.123200
4375000 -0.137600
4376000 -0.116000
4377000 -0.105600
4378000 -0.083200
4379000 -0.072000
4380000 -0.072800
4381000 -0.072800
4382000 -0.082400
4383000 -0.080000
4384000 -0.078400
4385000 -0.072800
4386000 -0.063200
4387000 -0.058400
4388000 -0.052000
4389000 -0.060000
4390000 -0.080800
4391000 -0.061600
4392000 -0.041600
4393000 -0.037600
4394000 -0.020800
4395000 -0.034400
4396000 -0.030400
4397000 -0.014400
4398000 -0.014400
4399000 -0.027200
4400000 -0.023200
4401000 -0.042400
4402000 -0.026400
4403000 -0.024000
4404000 -0.028000
4405000 -0.057600
4406000 -0.048800
4407000 -0.044800
4408000 -0.047200
4409000 -0.051200
4410000 -0.042400
4411000 -0.064800
4412000 -0.054400
4413000 -0.042400
4414000 -0.028800
4415000 -0.039200
4416000 -0.028000
4417000 -0.018400
4418000 -0.012800
4419000 -0.011200
4420000 -0.017600
4421000 -0.015200
4422000 -0.007200
4423000 -0.028800
4424000 -0.038400
4425000 -0.039200
4426000 -0.040800
4427000 -0.055200
4428000 -0.076000
4429000 -0.060800
4430000 -0.060000
4431000 -0.040800
4432000 -0.060000
4433000 -0.073600
4434000 -0.091200
4435000 -0.085600
4436000 -0.086400
4437000 -0.084800
4438000 -0.094400
4439000 -0.090400
4440000 -0.100000
4441000 -0.104800
4442000 -0.085600
4443000 -0.044800
4444000 -0.034400
4445000 -0.053600
4446000 -0.047200
4447000 -0.028800
4448000 -0.015200
4449000 -0.011200
4450000 -0.007200
4451000 0.011200
4452000 0.015200
4453000 -0.002400
4454000 -0.016000
4455000 -0.031200
4456000 -0.025600
4457000 -0.006400
4458000 0.001600
4459000 0.012800
4460000 0.027200
4461000 0.030400
4462000 0.044000
4463000 0.049600
4464000 0.062400
4465000 0.046400
4466000 0.045600
4467000 0.020000
4468000 0.036000
4469000 0.044000
4470000 0.047200
4471000 0.064000
4472000 0.083200
4473000 0.104800
4474000 0.092800
4475000 0.097600
4476000 0.107200
4477000 0.112800
4478000 0.121600
4479000 0.132800
4480000 0.134400
4481000 0.148000
4482000 0.147200
4483000 0.180000
4484000 0.198400
4485000 0.233600
4486000 0.222400
4487000 0.244800
4488000 0.244800
4489000 0.261600
4490000 0.286400
4491000 0.279200
4492000 0.275200
4493000 0.261600
4494000 0.269600
4495000 0.276800
4496000 0.274400
4497000 0.271200
4498000 0.241600
4499000 0.249600
4500000 0.247200
4501000 0.237600
4502000 0.250400
4503000 0.252800
4504000 0.268800
4505000 0.269600
4506000 0.252000
4507000 0.259200
4508000 0.268000
4509000 0.220800
4510000 0.226400
4511000 0.221600
4512000 0.216800
4513000 0.240800
4514000 0.253600
4515000 0.260800
4516000 0.268800
4517000 0.266400
4518000 0.265600
4519000 0.269600
4520000 0.263200
4521000 0.270400
4522000 0.265600
4523000 0.270400
4524000 0.272000
4525000 0.252000
4526000 0.235200
4527000 0.199200
4528000 0.216000
4529000 0.218400
4530000 0.198400
4531000 0.168800
4532000 0.192000
4533000 0.175200
4534000 0.194400
4535000 0.220800
4536000 0.208800
4537000 0.208800
4538000 0.240000
4539000 0.232000
4540000 0.232800
4541000 0.232000
4542000 0.228000
4543000 0.257600
4544000 0.275200
4545000 0.285600
4546000 0.292000
4547000 0.271200
4548000 0.270400
4549000 0.280000
4550000 0.283200
4551000 0.279200
4552000 0.272000
4553000 0.264800
4554000 0.237600
4555000 0.208000
4556000 0.196800
4557000 0.225600
4558000 0.263200
4559000 0.260800
4560000 0.240800
4561000 0.224000
4562000 0.209600
4563000 0.209600
4564000 0.200800
4565000 0.180800
4566000 0.172800
4567000 0.176800
4568000 0.183200
4569000 0.176800
4570000 0.138400
4571000 0.156000
4572000 0.128000
4573000 0.126400
4574000 0.119200
4575000 0.108000
4576000 0.091200
4577000 0.073600
4578000 0.068800
4579000 0.068000
4580000 0.086400
4581000 0.105600
4582000 0.112800
4583000 0.126400
4584000 0.143200
4585000 0.124800
4586000 0.109600
4587000 0.093600
4588000 0.088800
4589000 0.071200
4590000 0.045600
4591000 0.065600
4592000 0.068800
4593000 0.079200
4594000 0.078400
4595000 0.096800
4596000 0.132000
4597000 0.112800
4598000 0.124800
4599000 0.121600
4600000 0.110400
4601000 0.094400
4602000 0.100800
4603000 0.100000
4604000 0.104000
4605000 0.109600
4606000 0.128800
4607000 0.093600
4608000 0.100800
4609000 0.098400
4610000 0.087200
4611000 0.084000
4612000 0.078400
4613000 0.080000
4614000 0.052000
4615000 0.076800
4616000 0.089600
4617000 0.108800
4618000 0.083200
4619000 0.081600
4620000 0.056800
4621000 0.048800
4622000 0.006400
4623000 0.015200
4624000 0.004800
4625000 -0.022400
4626000 -0.048000
4627000 -0.046400
4628000 -0.064000
4629000 -0.053600
4630000 -0.070400
4631000 -0.084800
4632000 -0.068000
4633000 -0.054400
4634000 -0.046400
4635000 -0.076000
4636000 -0.095200
4637000 -0.094400
4638000 -0.104000
4639000 -0.111200
4640000 -0.099200
4641000 -0.110400
4642000 -0.126400
4643000 -0.126400
4644000 -0.108800
4645000 -0.113600
4646000 -0.126400
4647000 -0.116800
4648000 -0.088800
4649000 -0.100800
4650000 -0.081600
4651000 -0.086400
4652000 -0.104000
4653000 -0.112800
4654000 -0.128000
4655000 -0.148000
4656000 -0.131200
4657000 -0.138400
4658000 -0.106400
4659000 -0.124800
4660000 -0.124000
4661000 -0.118400
4662000 -0.110400
4663000 -0.100800
4664000 -0.086400
4665000 -0.090400
4666000 -0.100800
4667000 -0.115200
4668000 -0.138400
4669000 -0.157600
4670000 -0.176800
4671000 -0.162400
4672000 -0.164000
4673000 -0.167200
4674000 -0.145600
4675000 -0.140000
4676000 -0.129600
4677000 -0.143200
4678000 -0.147200
4679000 -0.134400
4680000 -0.160000
4681000 -0.168000
4682000 -0.158400
4683000 -0.176000
4684000 -0.175200
4685000 -0.197600
4686000 -0.194400
4687000 -0.204000
4688000 -0.199200
4689000 -0.221600
4690000 -0.236800
4691000 -0.206400
4692000 -0.225600
4693000 -0.232000
4694000 -0.228000
4695000 -0.214400
4696000 -0.198400
4697000 -0.192800
4698000 -0.184800
4699000 -0.168800
4700000 -0.190400
4701000 -0.171200
4702000 -0.171200
4703000 -0.189600
4704000 -0.216000
4705000 -0.224800
4706000 -0.213600
4707000 -0.216800
4708000 -0.230400
4709000 -0.222400
4710000 -0.200800
4711000 -0.192000
4712000 -0.215200
4713000 -0.208800
4714000 -0.199200
4715000 -0.208000
4716000 -0.203200
4717000 -0.201600
4718000 -0.215200
4719000 -0.207200
4720000 -0.212000
4721000 -0.208800
4722000 -0.211200
4723000 -0.229600
4724000 -0.222400
4725000 -0.215200
4726000 -0.204000
4727000 -0.200800
4728000 -0.204000
4729000 -0.180800
4730000 -0.183200
4731000 -0.161600
4732000 -0.164800
4733000 -0.199200
4734000 -0.207200
4735000 -0.217600
4736000 -0.180000
4737000 -0.166400
4738000 -0.177600
4739000 -0.180000
4740000 -0.203200
4741000 -0.236800
4742000 -0.231200
4743000 -0.238400
4744000 -0.236800
4745000 -0.233600
4746000 -0.229600
4747000 -0.256800
4748000 -0.236000
4749000 -0.246400
4750000 -0.252800
4751000 -0.240000
4752000 -0.229600
4753000 -0.233600
4754000 -0.215200
4755000 -0.216800
4756000 -0.237600
4757000 -0.237600
4758000 -0.255200
4759000 -0.263200
4760000 -0.226400
4761000 -0.215200
4762000 -0.235200
4763000 -0.208000
4764000 -0.220000
4765000 -0.222400
4766000 -0.212800
4767000 -0.198400
4768000 -0.190400
4769000 -0.193600
4770000 -0.176800
4771000 -0.189600
4772000 -0.163200
4773000 -0.183200
4774000 -0.202400
4775000 -0.191200
4776000 -0.186400
4777000 -0.159200
4778000 -0.149600
4779000 -0.146400
4780000 -0.124800
4781000 -0.113600
4782000 -0.116800
4783000 -0.088000
4784000 -0.099200
4785000 -0.111200
4786000 -0.129600
4787000 -0.104000
4788000 -0.088800
4789000 -0.109600
4790000 -0.092000
4791000 -0.091200
4792000 -0.098400
4793000 -0.100000
4794000 -0.099200
4795000 -0.097600
4796000 -0.126400
4797000 -0.110400
4798000 -0.117600
4799000 -0.120800
4800000 -0.111200
4801000 -0.092000
4802000 -0.113600
4803000 -0.110400
4804000 -0.130400
4805000 -0.138400
4806000 -0.140800
4807000 -0.144000
4808000 -0.141600
4809000 -0.158400
4810000 -0.133600
4811000 -0.141600
4812000 -0.128000
4813000 -0.135200
4814000 -0.105600
4815000 -0.089600
4816000 -0.084000
4817000 -0.081600
4818000 -0.062400
4819000 -0.072000
4820000 -0.073600
4821000 -0.063200
4822000 -0.077600
4823000 -0.100000
4824000 -0.130400
4825000 -0.153600
4826000 -0.132000
4827000 -0.137600
4828000 -0.159200
4829000 -0.159200
4830000 -0.175200
4831000 -0.172800
4832000 -0.150400
4833000 -0.132000
4834000 -0.143200
4835000 -0.140800
4836000 -0.162400
4837000 -0.170400
4838000 -0.167200
4839000 -0.181600
4840000 -0.157600
4841000 -0.138400
4842000 -0.148800
4843000 -0.145600
4844000 -0.146400
4845000 -0.134400
4846000 -0.146400
4847000 -0.143200
4848000 -0.132800
4849000 -0.123200
4850000 -0.137600
4851000 -0.140000
4852000 -0.155200
4853000 -0.147200
4854000 -0.175200
4855000 -0.167200
4856000 -0.190400
4857000 -0.168000
4858000 -0.150400
4859000 -0.144000
4860000 -0.146400
4861000 -0.162400
4862000 -0.144800
4863000 -0.132800
4864000 -0.116000
4865000 -0.112000
4866000 -0.105600
4867000 -0.076000
4868000 -0.045600
4869000 -0.027200
4870000 -0.005600
4871000 0.026400
4872000 -0.000800
4873000 0.004000
4874000 0.008000
4875000 0.015200
4876000 0.026400
4877000 0.024800
4878000 0.024000
4879000 0.011200
4880000 0.015200
4881000 0.027200
4882000 0.029600
4883000 0.041600
4884000 0.047200
4885000 0.072000
4886000 0.041600
4887000 0.028800
4888000 0.032800
4889000 0.020000
4890000 0.020800
4891000 -0.004800
4892000 0.004000
4893000 0.014400
4894000 0.002400
4895000 -0.002400
4896000 -0.024800
4897000 -0.000800
4898000 -0.016000
4899000 -0.014400
4900000 0.019200
4901000 0.023200
4902000 0.031200
4903000 0.034400
4904000 0.052000
4905000 0.023200
4906000 0.020800
4907000 0.028800
4908000 0.028800
4909000 0.059200
4910000 0.037600
4911000 0.030400
4912000 0.020000
4913000 0.036800
4914000 0.032800
4915000 0.027200
4916000 0.030400
4917000 0.039200
4918000 0.054400
4919000 0.044800
4920000 0.060800
4921000 0.037600
4922000 0.065600
4923000 0.055200
4924000 0.068800
4925000 0.080000
4926000 0.073600
4927000 0.076000
4928000 0.068800
4929000 0.068800
4930000 0.064000
4931000 0.092000
4932000 0.093600
4933000 0.080000
4934000 0.078400
4935000 0.074400
4936000 0.074400
4937000 0.076000
4938000 0.075200
4939000 0.073600
4940000 0.056800
4941000 0.055200
4942000 0.059200
4943000 0.054400
4944000 0.045600
4945000 0.040000
4946000 0.040000
4947000 0.044800
4948000 0.040800
4949000 0.016000
4950000 0.018400
4951000 0.016800
4952000 0.013600
4953000 -0.002400
4954000 0.007200
4955000 0.004800
4956000 0.012800
4957000 0.007200
4958000 -0.018400
4959000 -0.045600
4960000 -0.075200
4961000 -0.062400
4962000 -0.099200
4963000 -0.079200
4964000 -0.091200
4965000 -0.084000
4966000 -0.074400
4967000 -0.072800
4968000 -0.088000
4969000 -0.082400
4970000 -0.088800
4971000 -0.073600
4972000 -0.100000
4973000 -0.080000
4974000 -0.070400
4975000 -0.086400
4976000 -0.099200
4977000 -0.091200
4978000 -0.123200
4979000 -0.134400
4980000 -0.168000
4981000 -0.175200
4982000 -0.179200
4983000 -0.196800
4984000 -0.178400
4985000 -0.160000
4986000 -0.157600
4987000 -0.157600
4988000 -0.160000
4989000 -0.179200
4990000 -0.184800
4991000 -0.181600
4992000 -0.167200
4993000 -0.172000
4994000 -0.144000
4995000 -0.145600
4996000 -0.160800
4997000 -0.176000
4998000 -0.204800
4999000 -0.220000
